column	count	min	max	sum	mean	Q1	med	Q3	IQR	lW	rW	A_Count	C_Count	G_Count	T_Count	N_Count	Max_count
1	289739	2	34	9447837	32.61	31	34	34	3	27	34	83725	68003	60016	77858	137	289739
2	289739	2	34	9495440	32.77	31	34	34	3	27	34	82869	65465	61329	80072	4	289739
3	289739	10	34	9512810	32.83	31	34	34	3	27	34	79538	67968	61347	80886	0	289739
4	289739	2	37	10510045	36.27	37	37	37	0	37	37	79667	66955	62810	80187	120	289739
5	289739	2	37	10472029	36.14	35	37	37	2	32	37	79144	64204	65908	80383	100	289739
6	289739	2	37	10466778	36.12	36	37	37	1	35	37	79394	66464	66225	77638	18	289739
7	289739	2	37	10461837	36.11	36	37	37	1	35	37	78784	65225	66528	79198	4	289739
8	289739	8	37	10459051	36.10	35	37	37	2	32	37	78966	66865	64593	79315	0	289739
9	289739	8	39	10967270	37.85	38	39	39	1	37	39	78344	66543	64673	80179	0	289739
10	289739	2	39	10962561	37.84	38	39	39	1	37	39	78769	66947	64972	79050	1	289739
11	289739	2	39	10956035	37.81	38	39	39	1	37	39	78909	66188	64795	79836	11	289739
12	289739	2	39	10948970	37.79	38	39	39	1	37	39	78554	66948	64571	79664	2	289739
13	289739	2	39	10947284	37.78	38	39	39	1	37	39	78707	66382	64364	80278	8	289739
14	289739	2	41	11369474	39.24	39	41	41	2	36	41	78219	66474	64630	80415	1	289739
15	289739	5	41	11371160	39.25	39	41	41	2	36	41	78374	66417	65094	79854	0	289739
16	289739	2	41	11365595	39.23	39	41	41	2	36	41	77875	66604	65052	80204	4	289739
17	289739	2	41	11363047	39.22	39	41	41	2	36	41	78360	66306	65379	79692	2	289739
18	289739	5	41	11355382	39.19	39	41	41	2	36	41	77861	66288	65267	80323	0	289739
19	289739	5	41	11367177	39.23	39	41	41	2	36	41	77461	66874	65202	80202	0	289739
20	289739	5	41	11360307	39.21	39	41	41	2	36	41	77345	67086	65158	80150	0	289739
21	289739	2	41	11355372	39.19	39	41	41	2	36	41	77410	66376	65984	79963	6	289739
22	289739	5	41	11348758	39.17	39	41	41	2	36	41	76927	66978	66071	79763	0	289739
23	289739	2	41	11339046	39.14	39	41	41	2	36	41	77159	66616	66718	79244	2	289739
24	289739	2	41	11331091	39.11	39	41	41	2	36	41	76958	66970	66856	78954	1	289739
25	289739	2	41	11320438	39.07	39	41	41	2	36	41	76876	66797	66589	79474	3	289739
26	289739	2	41	11302851	39.01	39	41	41	2	36	41	76898	66775	67479	78585	2	289739
27	289739	2	41	11291519	38.97	39	41	41	2	36	41	76383	67447	67362	78546	1	289739
28	289739	5	41	11277648	38.92	39	41	41	2	36	41	76536	67633	67153	78417	0	289739
29	289739	2	41	11262459	38.87	38	40	41	3	34	41	76550	67002	67914	78272	1	289739
30	289739	2	41	11251220	38.83	38	40	41	3	34	41	76163	67501	67729	78344	2	289739
31	289739	2	41	11241400	38.80	38	40	41	3	34	41	75774	67049	68286	78629	1	289739
32	289739	2	41	11222454	38.73	38	40	41	3	34	41	75880	67433	68201	78224	1	289739
33	289739	2	41	11212348	38.70	38	40	41	3	34	41	76447	67870	68015	77406	1	289739
34	289739	2	41	11201857	38.66	38	40	41	3	34	41	76053	67445	67984	78255	2	289739
35	289739	2	41	11192049	38.63	38	40	41	3	34	41	75450	68268	67937	78083	1	289739
36	289739	2	41	11172209	38.56	38	40	41	3	34	41	75486	68530	67754	77967	2	289739
37	289739	2	41	11161225	38.52	38	40	41	3	34	41	75674	68387	67843	77834	1	289739
38	289739	5	41	11145424	38.47	38	40	41	3	34	41	75255	68430	68155	77899	0	289739
39	289739	5	41	11130526	38.42	38	40	41	3	34	41	75231	68227	68524	77757	0	289739
40	289739	5	41	11113481	38.36	38	40	41	3	34	41	75301	68155	68434	77849	0	289739
41	289739	2	41	11098908	38.31	38	40	41	3	34	41	75548	68040	68643	77507	1	289739
42	289739	2	41	11082080	38.25	38	40	41	3	34	41	75857	68443	68072	77366	1	289739
43	289739	5	41	11067930	38.20	38	40	41	3	34	41	74822	68748	68524	77645	0	289739
44	289739	2	41	11049691	38.14	38	40	41	3	34	41	74940	68547	68498	77753	1	289739
45	289739	5	41	11030747	38.07	38	40	41	3	34	41	74421	69447	68423	77448	0	289739
46	289739	2	41	11014827	38.02	37	40	41	4	31	41	75093	69034	68209	77402	1	289739
47	289739	5	41	10996738	37.95	37	40	41	4	31	41	74752	69282	68586	77119	0	289739
48	289739	2	41	10976491	37.88	37	40	41	4	31	41	74878	69264	68775	76821	1	289739
49	289739	2	41	10953614	37.81	37	40	41	4	31	41	74722	69263	68287	77466	1	289739
50	289739	2	41	10932039	37.73	37	40	41	4	31	41	74753	69752	68256	76977	1	289739
51	289739	5	41	10907968	37.65	37	40	41	4	31	41	74622	69312	67847	77958	0	289739
52	289739	2	41	10883830	37.56	36	40	41	5	29	41	74473	70012	68123	77129	2	289739
53	289739	5	41	10855823	37.47	36	40	41	5	29	41	74900	69804	68072	76963	0	289739
54	289739	2	41	10827406	37.37	36	40	41	5	29	41	74907	69784	67870	77177	1	289739
55	289739	2	41	10795884	37.26	36	39	41	5	29	41	74845	68770	68764	77358	2	289739
56	289739	5	41	10771035	37.17	35	39	41	6	26	41	74319	69162	69316	76942	0	289739
57	289739	2	41	10739090	37.06	35	39	41	6	26	41	74488	69642	69004	76603	2	289739
58	289739	2	41	10704667	36.95	35	39	41	6	26	41	74747	69818	68868	76304	2	289739
59	289739	2	41	10666631	36.81	35	39	41	6	26	41	74202	69635	68850	77050	2	289739
60	289739	5	41	10648794	36.75	35	39	41	6	26	41	74189	70246	68858	76446	0	289739
61	289739	2	41	10611562	36.62	35	39	41	6	26	41	74156	70077	68769	76736	1	289739
62	289739	2	41	10576051	36.50	35	38	41	6	26	41	74749	70260	68411	76318	1	289739
63	289739	2	41	10541027	36.38	35	38	40	5	28	41	74626	69552	69305	76255	1	289739
64	289739	2	41	10502049	36.25	35	37	40	5	28	41	74825	69680	68988	76245	1	289739
65	289739	2	41	10458843	36.10	35	37	40	5	28	41	74706	68874	69406	76752	1	289739
66	289739	5	41	10412632	35.94	35	37	40	5	28	41	74827	69136	69077	76699	0	289739
67	289739	2	41	10368273	35.78	35	37	40	5	28	41	74359	69943	69169	76266	2	289739
68	289739	5	41	10321380	35.62	35	36	39	4	29	41	74415	69963	68919	76442	0	289739
69	289739	5	41	10273155	35.46	34	36	39	5	27	41	74175	69959	68926	76679	0	289739
70	289739	2	41	10225521	35.29	34	36	39	5	27	41	74648	69696	69470	75923	2	289739
71	289739	5	41	10180730	35.14	34	36	39	5	27	41	74277	69751	69789	75922	0	289739
72	289739	5	41	10128607	34.96	34	35	39	5	27	41	74437	69598	69350	76354	0	289739
73	289739	5	41	10084046	34.80	34	35	38	4	28	41	74153	70357	69575	75654	0	289739
74	289739	5	41	10041514	34.66	34	35	37	3	30	41	75057	69599	69163	75920	0	289739
75	289739	5	41	9993869	34.49	34	35	37	3	30	41	74565	69927	68863	76384	0	289739
76	289739	5	41	9953856	34.35	34	35	37	3	30	41	73778	69875	69408	76678	0	289739
77	289739	5	41	9911919	34.21	34	35	37	3	30	41	74211	69983	69286	76259	0	289739
78	289739	5	41	9869102	34.06	34	35	37	3	30	41	74327	70258	69019	76135	0	289739
79	289739	5	41	9834552	33.94	34	35	36	2	31	39	74294	69866	69265	76314	0	289739
80	289739	5	41	9799365	33.82	34	35	36	2	31	39	74068	70191	69363	76117	0	289739
81	289739	2	41	9763370	33.70	34	35	36	2	31	39	74240	69681	69325	76492	1	289739
82	289739	5	41	9729500	33.58	34	35	36	2	31	39	73939	69802	69566	76432	0	289739
83	289739	5	41	9696126	33.47	33	35	36	3	29	40	74539	69715	69185	76300	0	289739
84	289739	5	41	9669034	33.37	33	35	35	2	30	38	74237	70169	69559	75774	0	289739
85	289739	5	41	9645340	33.29	33	35	35	2	30	38	74040	70343	69227	76129	0	289739
86	289739	2	41	9620453	33.20	33	35	35	2	30	38	74170	70455	68529	76584	1	289739
87	289739	5	41	9598564	33.13	33	35	35	2	30	38	74878	69996	68991	75874	0	289739
88	289739	5	41	9574821	33.05	33	35	35	2	30	38	74690	69982	68878	76189	0	289739
89	289739	5	41	9561199	33.00	33	35	35	2	30	38	73983	70409	69288	76059	0	289739
90	289739	5	41	9539588	32.92	33	35	35	2	30	38	74144	70993	68575	76027	0	289739
91	289739	2	41	9525503	32.88	33	35	35	2	30	38	74279	70534	68595	76330	1	289739
92	289739	2	41	9517858	32.85	33	35	35	2	30	38	74248	70659	68449	76382	1	289739
93	289739	5	41	9508491	32.82	33	35	35	2	30	38	74232	70824	68169	76514	0	289739
94	289739	2	41	9497086	32.78	33	35	35	2	30	38	74093	70806	68586	76250	4	289739
95	289739	2	41	9487986	32.75	33	35	35	2	30	38	74287	70527	68862	76059	4	289739
96	289739	5	40	9480777	32.72	33	35	35	2	30	38	74461	70490	69311	75477	0	289739
97	289739	5	39	9475072	32.70	33	35	35	2	30	38	74021	70810	68995	75913	0	289739
98	289739	2	39	9468897	32.68	33	35	35	2	30	38	74407	70706	68911	75714	1	289739
99	289739	2	39	9468396	32.68	33	35	35	2	30	38	74173	70506	68924	76132	4	289739
100	289739	5	39	9467672	32.68	33	35	35	2	30	38	73981	70709	69199	75850	0	289739
101	289739	2	39	9454355	32.63	33	35	35	2	30	38	74486	70503	69073	75673	4	289739
102	289739	5	39	8931047	30.82	30	33	34	4	24	39	74372	70659	68543	76165	0	289739
103	289739	2	39	9186259	31.71	31	34	35	4	25	39	74077	70148	69539	75974	1	289739
104	289739	2	39	9345023	32.25	32	35	35	3	28	39	74508	70007	69319	75902	3	289739
105	289739	2	37	9414752	32.49	33	35	35	2	30	37	74318	70284	69054	76082	1	289739
106	289739	5	37	9441524	32.59	33	35	35	2	30	37	74635	70318	69283	75503	0	289739
107	289739	2	37	9456112	32.64	33	35	35	2	30	37	74316	70584	68445	76392	2	289739
108	289739	2	37	9462748	32.66	33	35	35	2	30	37	74268	70525	68615	76329	2	289739
109	289739	2	37	9465976	32.67	33	35	35	2	30	37	74480	70650	68542	76065	2	289739
110	289739	2	37	9467436	32.68	33	35	35	2	30	37	74825	70172	68546	76194	2	289739
111	289739	5	37	9464742	32.67	33	35	35	2	30	37	74644	70535	68814	75746	0	289739
112	289739	2	37	9456794	32.64	33	35	35	2	30	37	74595	70784	68530	75827	3	289739
113	289739	5	37	9450374	32.62	33	35	35	2	30	37	74809	70168	68940	75822	0	289739
114	289739	2	37	9447665	32.61	33	35	35	2	30	37	74935	70147	68845	75809	3	289739
115	289739	2	37	9444782	32.60	33	35	35	2	30	37	74568	70186	69346	75636	3	289739
116	289739	5	37	9436020	32.57	33	35	35	2	30	37	74503	70396	68705	76135	0	289739
117	289739	5	37	9427446	32.54	33	35	35	2	30	37	74306	70250	68867	76316	0	289739
118	289739	2	37	9422795	32.52	33	35	35	2	30	37	74667	70221	68946	75904	1	289739
119	289739	2	37	9418083	32.51	33	35	35	2	30	37	74587	70800	69106	75245	1	289739
120	289739	5	37	9413630	32.49	33	35	35	2	30	37	74821	70555	68680	75683	0	289739
121	289739	2	37	9409035	32.47	33	35	35	2	30	37	74650	70951	68689	75448	1	289739
122	289739	2	37	9406659	32.47	33	35	35	2	30	37	75218	70404	68677	75436	4	289739
123	289739	5	37	9396501	32.43	33	35	35	2	30	37	75040	70809	68826	75064	0	289739
124	289739	5	37	9390798	32.41	33	35	35	2	30	37	74791	70638	68553	75757	0	289739
125	289739	2	37	9384768	32.39	33	35	35	2	30	37	74722	70918	68271	75825	3	289739
126	289739	2	37	9379466	32.37	33	35	35	2	30	37	74608	70933	68335	75861	2	289739
127	289739	5	37	9375144	32.36	33	35	35	2	30	37	75007	70457	68364	75911	0	289739
128	289739	2	37	9368117	32.33	33	35	35	2	30	37	74514	70758	68765	75701	1	289739
129	289739	2	37	9363640	32.32	33	35	35	2	30	37	74738	71064	68540	75395	2	289739
130	289739	2	37	9355415	32.29	33	35	35	2	30	37	74550	71251	68219	75716	3	289739
131	289739	2	37	9350256	32.27	33	35	35	2	30	37	74808	71133	68191	75605	2	289739
132	289739	2	37	9341100	32.24	33	35	35	2	30	37	75014	71056	68131	75537	1	289739
133	289739	2	37	9339583	32.23	33	35	35	2	30	37	74835	71486	67925	75491	2	289739
134	289739	2	37	9335945	32.22	33	35	35	2	30	37	74794	71489	67659	75794	3	289739
135	289739	5	37	9328550	32.20	33	35	35	2	30	37	75207	71172	67647	75713	0	289739
136	289739	2	36	9319763	32.17	33	35	35	2	30	36	74985	71465	67258	76030	1	289739
137	289739	2	36	9317523	32.16	33	35	35	2	30	36	74801	71195	68158	75582	3	289739
138	289739	2	36	9311576	32.14	33	35	35	2	30	36	74291	71442	67473	76527	6	289739
139	289739	2	36	9303284	32.11	33	35	35	2	30	36	75001	71002	67507	76228	1	289739
140	289739	2	36	9299144	32.09	33	35	35	2	30	36	75008	71006	67794	75930	1	289739
141	289739	2	36	9290035	32.06	33	35	35	2	30	36	74884	70784	68104	75964	3	289739
142	289739	2	36	9280324	32.03	33	35	35	2	30	36	74983	70714	67834	76204	4	289739
143	289739	2	36	9270958	32.00	33	35	35	2	30	36	74731	70554	68047	76404	3	289739
144	289739	2	36	9264636	31.98	33	35	35	2	30	36	74879	70761	67736	76357	6	289739
145	289739	2	36	9256118	31.95	33	35	35	2	30	36	75363	70699	67714	75962	1	289739
146	289739	2	36	9250708	31.93	32	35	35	3	28	36	75192	70003	67783	76760	1	289739
147	289739	5	36	9246379	31.91	32	35	35	3	28	36	75055	70390	67928	76366	0	289739
148	289739	2	36	8784753	30.32	29	34	35	6	20	36	74972	71276	67788	75610	93	289739
