##FastQC	0.12.1
>>Basic Statistics	pass
#Measure	Value
Filename	NA12878_subset_chr22_R1_fq_gz.gz
File type	Conventional base calls
Encoding	Sanger / Illumina 1.9
Total Sequences	289739
Total Bases	42.8 Mbp
Sequences flagged as poor quality	0
Sequence length	148
%GC	47
>>END_MODULE
>>Per base sequence quality	pass
#Base	Mean	Median	Lower Quartile	Upper Quartile	10th Percentile	90th Percentile
1	32.60809556186775	34.0	31.0	34.0	31.0	34.0
2	32.77239170425797	34.0	31.0	34.0	31.0	34.0
3	32.83234221143857	34.0	31.0	34.0	31.0	34.0
4	36.274181245879916	37.0	37.0	37.0	35.0	37.0
5	36.142973503739576	37.0	35.0	37.0	35.0	37.0
6	36.124850296301155	37.0	36.0	37.0	35.0	37.0
7	36.10779701731558	37.0	36.0	37.0	35.0	37.0
8	36.09818146676837	37.0	35.0	37.0	35.0	37.0
9	37.85223942927946	39.0	38.0	39.0	35.0	39.0
10-14	38.09243767666762	39.4	38.2	39.4	35.2	39.4
15-19	39.22313599480913	41.0	39.0	41.0	36.0	41.0
20-24	39.16253869862186	41.0	39.0	41.0	35.8	41.0
25-29	38.96949668494749	40.8	38.8	41.0	35.0	41.0
30-34	38.74471783225592	40.0	38.0	41.0	34.6	41.0
35-39	38.51841346867353	40.0	38.0	41.0	34.0	41.0
40-44	38.24965917601703	40.0	38.0	41.0	33.2	41.0
45-49	37.946163271081915	40.0	37.2	41.0	33.0	41.0
50-54	37.55591480608409	40.0	36.4	41.0	32.2	41.0
55-59	37.05217937523081	39.0	35.2	41.0	31.2	41.0
60-64	36.501460279769034	38.2	35.0	40.6	31.0	41.0
65-69	35.77998336433825	36.6	34.8	39.6	30.2	41.0
70-74	34.96969203317469	35.4	34.0	38.4	29.8	40.8
75-79	34.21237596595556	35.0	34.0	36.8	29.0	39.2
80-84	33.58705248516769	35.0	33.6	35.8	29.0	37.8
85-89	33.13352845146839	35.0	33.0	35.0	29.0	36.6
90-94	32.84923741712369	35.0	33.0	35.0	28.0	36.0
95-99	32.70607546792113	35.0	33.0	35.0	27.0	35.2
100-104	32.018027259015874	34.4	31.8	34.8	26.0	35.0
105-109	32.60942572453139	35.0	33.0	35.0	27.0	35.0
110-114	32.64110872198772	35.0	33.0	35.0	27.0	35.0
115-119	32.545929957651545	35.0	33.0	35.0	27.0	35.0
120-124	32.45446626101422	35.0	33.0	35.0	27.0	35.0
125-129	32.354039325047715	35.0	33.0	35.0	26.2	35.0
130-134	32.25130134362306	35.0	33.0	35.0	25.0	35.0
135-139	32.153556131552875	35.0	33.0	35.0	25.0	35.0
140-144	32.03234428226783	35.0	33.0	35.0	25.0	35.0
145-148	31.52661360741909	34.75	31.5	35.0	23.5	35.0
>>END_MODULE
>>Per tile sequence quality	pass
#Tile	Base	Mean
1101	1	0.20906398885232846
1101	2	0.21501518660577545
1101	3	0.1709651840393036
1101	4	0.2042350095893326
1101	5	0.26094626804356835
1101	6	0.18750783459692855
1101	7	0.27735753198991375
1101	8	0.24621376649675142
1101	9	0.15009458819424282
1101	10-14	0.14966946903077627
1101	15-19	0.2195197661473145
1101	20-24	0.11516126162248952
1101	25-29	0.07504829950043046
1101	30-34	0.21024104881458783
1101	35-39	0.15322778384895486
1101	40-44	0.2603736489862314
1101	45-49	0.17793702683979262
1101	50-54	0.3046176010890349
1101	55-59	0.18700821465289863
1101	60-64	0.35334368188290455
1101	65-69	0.22998626779698128
1101	70-74	0.29845252730939364
1101	75-79	0.2676163439316923
1101	80-84	0.16540682667344697
1101	85-89	0.1825322263815039
1101	90-94	0.24697558322912982
1101	95-99	0.29221325391283415
1101	100-104	0.2276418615620308
1101	105-109	0.4254228264299229
1101	110-114	0.33450897530750723
1101	115-119	0.3004549095291438
1101	120-124	0.2570330550469606
1101	125-129	0.07388348172990078
1101	130-134	0.08869663395491756
1101	135-139	-0.011554546091741003
1101	140-144	0.08029052135958992
1101	145-148	0.011099819483366247
1102	1	0.2918743877765806
1102	2	0.23107674345622087
1102	3	0.22344538723667284
1102	4	0.1523337694877327
1102	5	0.10423403137839671
1102	6	0.25182876691427936
1102	7	0.19686298544875314
1102	8	0.17778406382231537
1102	9	0.21641387700344694
1102	10-14	0.23577808997804084
1102	15-19	0.28194319360883924
1102	20-24	0.30751147826674696
1102	25-29	0.3058976943906089
1102	30-34	0.2846546152272609
1102	35-39	0.3751163241149058
1102	40-44	0.3707202797945328
1102	45-49	0.3501692097174285
1102	50-54	0.2883730171954113
1102	55-59	0.3026327477471753
1102	60-64	0.19986243281671534
1102	65-69	0.07964262518530063
1102	70-74	0.006262926233638666
1102	75-79	0.09151444642684226
1102	80-84	0.023146255927898096
1102	85-89	-0.15094304629143807
1102	90-94	0.07778762566152864
1102	95-99	-0.05884008539688779
1102	100-104	0.028609290218842176
1102	105-109	0.0441924364702615
1102	110-114	-0.10260816200012357
1102	115-119	-0.2076505738116623
1102	120-124	-0.1276188200464219
1102	125-129	-0.1556921943495908
1102	130-134	-0.26124733735839456
1102	135-139	-0.02311513177827962
1102	140-144	-0.12776266854030638
1102	145-148	-0.40018809326129556
1103	1	0.10949870282753693
1103	2	0.097338842088881
1103	3	0.08872167135609743
1103	4	0.19914715608065592
1103	5	0.17460454400194436
1103	6	0.18492140787294886
1103	7	0.08236767126838629
1103	8	0.2354734170255739
1103	9	0.21945453865141928
1103	10-14	0.2540105373585888
1103	15-19	0.2612231649306054
1103	20-24	0.32135897148128123
1103	25-29	0.21144770207229158
1103	30-34	0.22720339384148502
1103	35-39	0.23858229431002087
1103	40-44	0.2437294465892279
1103	45-49	0.3294773471681367
1103	50-54	0.10726352777050607
1103	55-59	0.19402799535305348
1103	60-64	0.3381760498597899
1103	65-69	0.4546131787777554
1103	70-74	0.4702653331573856
1103	75-79	0.38259090466414847
1103	80-84	0.43602841908659684
1103	85-89	0.3840367253068635
1103	90-94	0.3735793499407194
1103	95-99	0.17783733560991521
1103	100-104	0.2797116100836412
1103	105-109	0.29608084738848106
1103	110-114	0.25885417220379736
1103	115-119	0.1922342011153617
1103	120-124	0.1933790290855555
1103	125-129	0.3095482419693525
1103	130-134	0.26128172496557056
1103	135-139	0.11046529532265481
1103	140-144	0.20623128854475326
1103	145-148	0.2906054234079356
1104	1	0.2452165942243738
1104	2	0.1439723364760397
1104	3	0.14580563568387817
1104	4	0.23370762337711426
1104	5	0.21792081043784606
1104	6	0.2679482581890511
1104	7	0.14451161011601243
1104	8	0.18015022767916378
1104	9	0.13186049043142845
1104	10-14	0.1779919320365977
1104	15-19	0.1932416260252907
1104	20-24	0.23197169713690613
1104	25-29	0.13775956957547209
1104	30-34	0.04429673294391279
1104	35-39	0.0732677586017445
1104	40-44	0.08598203667119719
1104	45-49	0.0537628210750114
1104	50-54	-0.010495660710539312
1104	55-59	-0.03436074530221589
1104	60-64	0.024677576265396794
1104	65-69	-0.050969619712667225
1104	70-74	-0.09770779248862738
1104	75-79	-0.2828570412986835
1104	80-84	0.006198607303232961
1104	85-89	-0.052066974123434306
1104	90-94	-0.07942177983980514
1104	95-99	0.021594697211803293
1104	100-104	0.06263028992306374
1104	105-109	0.1385654030481902
1104	110-114	0.28596770312853437
1104	115-119	0.09755498667340845
1104	120-124	0.10836905336380909
1104	125-129	0.07882422091216768
1104	130-134	0.23834597822870762
1104	135-139	0.1688473053704982
1104	140-144	0.040442004633312933
1104	145-148	0.08075319629800859
1105	1	0.09095488954250186
1105	2	0.10323604195822611
1105	3	0.06919499142617269
1105	4	-0.027336794389988484
1105	5	0.08786878962952471
1105	6	0.20316234382330123
1105	7	0.07806503148456301
1105	8	0.17394774668676405
1105	9	0.2855619710236681
1105	10-14	0.09507476516985491
1105	15-19	0.08896791654149183
1105	20-24	0.2031441661245026
1105	25-29	0.35094884528575676
1105	30-34	0.3597989338242584
1105	35-39	0.3424674384736974
1105	40-44	0.42792281298172696
1105	45-49	0.5247192036280381
1105	50-54	0.3658708859081159
1105	55-59	0.12937674969577984
1105	60-64	0.17370118570918436
1105	65-69	0.09899836748221702
1105	70-74	0.3968140162348561
1105	75-79	0.40184083785297275
1105	80-84	0.29639068413396075
1105	85-89	0.38307108109865595
1105	90-94	0.37706481479804665
1105	95-99	0.3333874142986346
1105	100-104	0.21225013786224523
1105	105-109	0.23003399048316453
1105	110-114	0.19987326535342476
1105	115-119	0.28449776378425184
1105	120-124	0.34280682847385435
1105	125-129	0.09297788237675064
1105	130-134	0.18755366130194062
1105	135-139	0.11516583278145731
1105	140-144	0.08269890739441621
1105	145-148	-0.07575440674320433
1106	1	-0.05562231841577869
1106	2	-1.485529864666546E-4
1106	3	0.07687094718396992
1106	4	0.1050676298302875
1106	5	-0.0016618843001268147
1106	6	0.14510939932534228
1106	7	-0.017563892021598804
1106	8	0.023633866193854658
1106	9	0.07198041191780646
1106	10-14	0.1965488409661802
1106	15-19	0.16244385237036596
1106	20-24	0.039395536237762485
1106	25-29	0.16093722008231026
1106	30-34	0.11607754012843685
1106	35-39	0.1723495256959353
1106	40-44	0.2750022297286634
1106	45-49	0.23389779996775673
1106	50-54	0.2290515415695893
1106	55-59	0.16294236566548648
1106	60-64	0.1287820639102577
1106	65-69	0.021605734539718924
1106	70-74	-0.004573700907336331
1106	75-79	0.13650785881155514
1106	80-84	0.10555732312157318
1106	85-89	0.21394496424874632
1106	90-94	0.08981002355348977
1106	95-99	0.12087005953064534
1106	100-104	0.31013102934926806
1106	105-109	0.3738696433213846
1106	110-114	0.36415731889579206
1106	115-119	0.2775272918009861
1106	120-124	0.4118080574239329
1106	125-129	0.3180232206701774
1106	130-134	0.14827176672592657
1106	135-139	0.24279395913080748
1106	140-144	0.292131929615163
1106	145-148	-0.0365517296249287
1107	1	0.17507439765239496
1107	2	0.01772217712780133
1107	3	0.11503983703051546
1107	4	0.13570845778242813
1107	5	0.1213963403431606
1107	6	0.15442857433595236
1107	7	0.023931350755027836
1107	8	0.05108974488297946
1107	9	0.17604341061824158
1107	10-14	0.16235204746266163
1107	15-19	0.1461359694526081
1107	20-24	0.2158491322676852
1107	25-29	0.2819679854801649
1107	30-34	0.31056010370959086
1107	35-39	0.25399936981522586
1107	40-44	0.28538462564545597
1107	45-49	0.22703635536095845
1107	50-54	0.2352726295698062
1107	55-59	0.2633214621633897
1107	60-64	0.2329352916172951
1107	65-69	0.18319174500358315
1107	70-74	0.1363539071486315
1107	75-79	0.3178742222459121
1107	80-84	0.16748741584197546
1107	85-89	0.34138468251877896
1107	90-94	0.14379323018464873
1107	95-99	0.04234994990913066
1107	100-104	0.10273157745682227
1107	105-109	0.15905121236340136
1107	110-114	0.1349884357827591
1107	115-119	0.2578297609783533
1107	120-124	0.21465027113200819
1107	125-129	0.21179539916199985
1107	130-134	0.12168047045831543
1107	135-139	0.15544756728105114
1107	140-144	-0.050077065004764165
1107	145-148	0.00436527315601154
1108	1	0.04083581911302758
1108	2	0.072034114933345
1108	3	0.08480827256925494
1108	4	0.03609079162812634
1108	5	0.11394110780760514
1108	6	0.063611800478931
1108	7	0.11242027195208237
1108	8	-0.06297503545540906
1108	9	0.1655417153643981
1108	10-14	0.08205694566420618
1108	15-19	0.1250437931462045
1108	20-24	0.2174156467037065
1108	25-29	0.2844878374298432
1108	30-34	0.40698148111027876
1108	35-39	0.43332337694028666
1108	40-44	0.37216719477353166
1108	45-49	0.3897551984819998
1108	50-54	0.41504888935705253
1108	55-59	0.2743919414402285
1108	60-64	0.10378302952161533
1108	65-69	0.2862115719822569
1108	70-74	0.16084325007823708
1108	75-79	0.2615068932001918
1108	80-84	0.3355311872407398
1108	85-89	0.4214522707080377
1108	90-94	0.30379078857518493
1108	95-99	0.21643725964393923
1108	100-104	0.20102467047659545
1108	105-109	0.1215386574965649
1108	110-114	0.2505370487821068
1108	115-119	0.3654481374190439
1108	120-124	0.3239000866240218
1108	125-129	0.36513346773793387
1108	130-134	0.0740935019939215
1108	135-139	0.20778346615402654
1108	140-144	0.16568962811266985
1108	145-148	0.3129722239742243
1109	1	-0.004121035564381259
1109	2	-0.031394652424786784
1109	3	0.0719961118743555
1109	4	0.13991958184471542
1109	5	-0.009934542229537158
1109	6	-0.020558723551019398
1109	7	0.05494841641748138
1109	8	-0.008714792012924022
1109	9	0.05613546357858468
1109	10-14	-0.013676524819828728
1109	15-19	-0.06521165002197193
1109	20-24	0.09170674905240617
1109	25-29	-0.03608933840877171
1109	30-34	-0.08002120475749308
1109	35-39	-0.22320556757082954
1109	40-44	-0.16509207718486607
1109	45-49	-0.15429303284550144
1109	50-54	-0.1627978447420375
1109	55-59	-0.2060972293695329
1109	60-64	-0.1861101072290552
1109	65-69	-0.2636907081480402
1109	70-74	-0.4631535497389052
1109	75-79	-0.39877540864562633
1109	80-84	-0.5141916540644758
1109	85-89	-0.42994380906794305
1109	90-94	-0.41856248875495083
1109	95-99	-0.45963337296363704
1109	100-104	-0.5620886502845934
1109	105-109	-0.48625378778602624
1109	110-114	-0.6085006105127064
1109	115-119	-0.46584279349129076
1109	120-124	-0.3909864783225423
1109	125-129	-0.7264854819163311
1109	130-134	-0.48286060966960775
1109	135-139	-0.6111204712138267
1109	140-144	-0.3339869248332086
1109	145-148	-0.4821674982956168
1110	1	-0.07955345464024077
1110	2	-0.055282717658293734
1110	3	-0.08164238577822402
1110	4	-0.025993440146883984
1110	5	0.01862982643861244
1110	6	-0.07310999609858015
1110	7	0.11350413670411541
1110	8	0.01963954453266581
1110	9	0.22289479147578817
1110	10-14	0.09909713468103831
1110	15-19	0.13721978066742935
1110	20-24	-0.04950525984307319
1110	25-29	-0.12173549605641654
1110	30-34	-0.05089345580764615
1110	35-39	-0.1094978828661084
1110	40-44	-0.24432360671291775
1110	45-49	-0.17223842449363502
1110	50-54	-0.0747214918880772
1110	55-59	-0.24529540085458024
1110	60-64	-0.1641506310738734
1110	65-69	0.006168446781543935
1110	70-74	0.12286325283090349
1110	75-79	0.06394759604921063
1110	80-84	-0.016106652828987933
1110	85-89	0.07878240788289048
1110	90-94	0.008860293552928056
1110	95-99	0.10797967373762418
1110	100-104	0.1453576062016957
1110	105-109	0.001071391359019458
1110	110-114	0.27065679003089826
1110	115-119	0.24196669501871781
1110	120-124	0.18960408258676864
1110	125-129	0.36382709530136026
1110	130-134	0.3868441098757316
1110	135-139	0.29752173288797223
1110	140-144	0.3797133469730589
1110	145-148	0.28225985529963893
1111	1	-0.013792650499155457
1111	2	-0.036073014997889175
1111	3	-0.03227739239915195
1111	4	0.0822947505356737
1111	5	0.04188732011864005
1111	6	0.0937462697013487
1111	7	0.0704230003131201
1111	8	0.04292713331321352
1111	9	-0.1693256250404005
1111	10-14	0.03621101454139364
1111	15-19	0.04870647863299382
1111	20-24	0.09967795912888988
1111	25-29	0.18827413437574592
1111	30-34	0.22633057212060947
1111	35-39	0.28124787372472326
1111	40-44	0.22879906091679203
1111	45-49	0.29467682770330583
1111	50-54	0.3365093977230984
1111	55-59	0.47438860058998245
1111	60-64	0.3435525108546216
1111	65-69	0.3862238217664853
1111	70-74	0.48619417855619673
1111	75-79	0.5395151896449732
1111	80-84	0.629838935229273
1111	85-89	0.5148874999739022
1111	90-94	0.4171280195671372
1111	95-99	0.2721075177246206
1111	100-104	0.23496937940501894
1111	105-109	0.2963013179269609
1111	110-114	0.3138745581782487
1111	115-119	0.32019409359822504
1111	120-124	0.22078140291901605
1111	125-129	0.2681613916779071
1111	130-134	0.3849306633848215
1111	135-139	0.24509185447218584
1111	140-144	0.1833410103894586
1111	145-148	0.3986692088568802
1112	1	-0.3853575638992126
1112	2	-0.2199679519254829
1112	3	-0.16481052368811078
1112	4	-0.0370496686532249
1112	5	-0.13932255347070566
1112	6	-0.08511085036883514
1112	7	-0.12930849335305794
1112	8	-0.19976005680788234
1112	9	-0.13943900915067786
1112	10-14	-0.1076477670778857
1112	15-19	-0.24811743704006517
1112	20-24	-0.18868614609370127
1112	25-29	-0.2988947188895281
1112	30-34	-0.3378384539457713
1112	35-39	-0.3247416784545649
1112	40-44	-0.29584157924484344
1112	45-49	-0.24069449528854392
1112	50-54	-0.2687060055016417
1112	55-59	-0.10818666758404305
1112	60-64	-0.15572730730544748
1112	65-69	-0.0293516723782119
1112	70-74	-0.17621785903469345
1112	75-79	-0.3802269379354115
1112	80-84	-0.3403164528421385
1112	85-89	-0.30834494409835855
1112	90-94	-0.37506190214067203
1112	95-99	-0.37480239972962437
1112	100-104	-0.4419887894349621
1112	105-109	-0.3177088640458834
1112	110-114	-0.3759830802952493
1112	115-119	-0.49135805910478325
1112	120-124	-0.4230292602384509
1112	125-129	-0.40014077099439405
1112	130-134	-0.3869325313088545
1112	135-139	-0.26908341901879496
1112	140-144	-0.15923425778456135
1112	145-148	-0.19850948077904107
1113	1	-0.12344438368030097
1113	2	-0.20028428509151297
1113	3	-0.10468645304350588
1113	4	-0.09928773692917048
1113	5	-0.15401174636865989
1113	6	-0.15323102433477231
1113	7	-0.10985229760923687
1113	8	-0.10586147429892634
1113	9	-0.1389667593874151
1113	10-14	-0.146324280935076
1113	15-19	-0.15637389585914008
1113	20-24	-0.11362167534722545
1113	25-29	-0.095092490167346
1113	30-34	-0.20524308298246297
1113	35-39	-0.15482077410863582
1113	40-44	0.003593946299915274
1113	45-49	-0.005337575840513864
1113	50-54	-0.17314342251795978
1113	55-59	-0.011654365452983484
1113	60-64	-0.15519275024358592
1113	65-69	0.03398814717787246
1113	70-74	-0.23024026493706629
1113	75-79	-0.3458130345067758
1113	80-84	-0.19084074897982362
1113	85-89	-0.14714013852432828
1113	90-94	-0.10599673414585453
1113	95-99	0.014413987089916702
1113	100-104	-0.1515472729939944
1113	105-109	0.03549390417838083
1113	110-114	-0.14580013914351042
1113	115-119	-0.19041479583419374
1113	120-124	-0.05136078451728565
1113	125-129	0.03682525916530466
1113	130-134	-0.17915994305872474
1113	135-139	-0.008749679369351782
1113	140-144	-0.136151876162252
1113	145-148	-0.10179347101756875
1114	1	-0.25627513777168787
1114	2	-0.2744003002925126
1114	3	-0.17569699336151956
1114	4	-0.13502789571388263
1114	5	-0.10355272454379616
1114	6	-0.17064739780273896
1114	7	0.037098971654721424
1114	8	-0.017800492266673018
1114	9	0.025413245903756376
1114	10-14	-0.045128326953467024
1114	15-19	-0.09166331573368325
1114	20-24	-0.10501585060380592
1114	25-29	-0.2565930081585748
1114	30-34	-0.15307951148854215
1114	35-39	-0.12816314035192278
1114	40-44	-0.027101299307055626
1114	45-49	-0.06464472857004466
1114	50-54	-0.10105437253118765
1114	55-59	-0.12964856494018306
1114	60-64	-0.06117054214215045
1114	65-69	-0.14194887300029535
1114	70-74	-0.07544025405801591
1114	75-79	-0.05394388972390374
1114	80-84	-0.1639556441329546
1114	85-89	-0.2809732489195085
1114	90-94	-0.006477143198218016
1114	95-99	-0.16267176209354517
1114	100-104	-0.1623620398237584
1114	105-109	-0.07074152345490603
1114	110-114	-0.14425679724703855
1114	115-119	0.05078813063083487
1114	120-124	-0.14371355261792473
1114	125-129	-0.06732584097883887
1114	130-134	-0.11290453752969754
1114	135-139	-0.07903676272019311
1114	140-144	-0.022686823880984974
1114	145-148	0.18640498267352257
1115	1	-0.19406673963793963
1115	2	-0.23863047136561022
1115	3	-0.25967833084207825
1115	4	-0.16146646492072136
1115	5	-0.15487465300414271
1115	6	-0.3277236030904547
1115	7	-0.24905965976052613
1115	8	-0.2526371952215669
1115	9	-0.30740168411179525
1115	10-14	-0.38260888682905403
1115	15-19	-0.35667109178345413
1115	20-24	-0.33674213365201666
1115	25-29	-0.26934572977599913
1115	30-34	-0.24048231086646155
1115	35-39	-0.41369968778582944
1115	40-44	-0.4264792153257133
1115	45-49	-0.25873493074733034
1115	50-54	-0.3458444191874861
1115	55-59	-0.25966411703971204
1115	60-64	-0.2599263741794786
1115	65-69	-0.3584340985057324
1115	70-74	-0.48414942979673725
1115	75-79	-0.5360589752604525
1115	80-84	-0.5306741511314073
1115	85-89	-0.35593436867067396
1115	90-94	-0.49294681660412465
1115	95-99	-0.47464687873428346
1115	100-104	-0.6205268920788214
1115	105-109	-0.5304615856632999
1115	110-114	-0.5629193166871644
1115	115-119	-0.5215291321996496
1115	120-124	-0.5508675184033045
1115	125-129	-0.7018515019430716
1115	130-134	-0.698285563968259
1115	135-139	-0.6211829524558077
1115	140-144	-0.7965592966648174
1115	145-148	-0.6736261215255439
1116	1	-0.18397280679452166
1116	2	-0.07362430336158354
1116	3	-0.119633627170451
1116	4	-0.22157980917345554
1116	5	-0.09710446111834159
1116	6	-0.02805049581772323
1116	7	-0.1930445349417127
1116	8	-0.10565951719367916
1116	9	-0.22005723382223152
1116	10-14	-0.15276953059867537
1116	15-19	-0.18646174719992104
1116	20-24	-0.1631669196096439
1116	25-29	-0.1373959283696422
1116	30-34	-0.17165198036712326
1116	35-39	-0.07852184941280171
1116	40-44	-0.13497727763058975
1116	45-49	-0.021169603889063637
1116	50-54	0.03784586201376783
1116	55-59	-0.07544134297702954
1116	60-64	-0.11447725848977797
1116	65-69	-0.15538937875364667
1116	70-74	-0.2018220822222574
1116	75-79	-0.1513997316392306
1116	80-84	-0.12468946432128547
1116	85-89	-0.0025764245801340735
1116	90-94	0.1229094332953764
1116	95-99	-0.03411677496938381
1116	100-104	0.06999873213008101
1116	105-109	0.004975837236642633
1116	110-114	0.14004431161535535
1116	115-119	0.058803090050645324
1116	120-124	0.001353307626814626
1116	125-129	-0.05856612665965599
1116	130-134	-0.006622821698940129
1116	135-139	-0.22193184232994412
1116	140-144	8.375069996908735E-4
1116	145-148	0.016475897490746405
1201	1	-0.012652046189536748
1201	2	0.00457643727128243
1201	3	0.07856888182740818
1201	4	0.04090796830382004
1201	5	0.12250306587522886
1201	6	0.05717169404226041
1201	7	0.02723653107030799
1201	8	-0.010290032932125825
1201	9	0.06972577739128383
1201	10-14	0.026561923413424893
1201	15-19	0.09602259756882603
1201	20-24	0.15295952888933328
1201	25-29	-0.023848172112757027
1201	30-34	-0.18223148397665767
1201	35-39	0.03733310304938442
1201	40-44	0.06307075948426899
1201	45-49	0.049240448745798915
1201	50-54	0.07915174754855059
1201	55-59	0.22195812027217698
1201	60-64	0.05521556610921863
1201	65-69	-0.014254088429730416
1201	70-74	-0.05424942322543558
1201	75-79	0.013595483373151751
1201	80-84	-0.04779679367406686
1201	85-89	-0.020513366765001706
1201	90-94	-0.17529463602453887
1201	95-99	-0.01948511499476524
1201	100-104	0.11578014141295867
1201	105-109	0.014803785725220564
1201	110-114	0.06572721256611658
1201	115-119	0.005699089384911815
1201	120-124	-0.07905788924421842
1201	125-129	-0.038285580754973125
1201	130-134	0.25304129297432354
1201	135-139	0.21160623993022654
1201	140-144	0.2173894033110919
1201	145-148	0.16650281304611525
1202	1	0.08889874793692343
1202	2	-0.002503275045171449
1202	3	-0.08190459734550615
1202	4	0.07836676362896355
1202	5	0.06040886949125479
1202	6	0.07776154520598055
1202	7	-0.09615274073070879
1202	8	0.03085221059998844
1202	9	0.1645714471545432
1202	10-14	-0.0343036244838828
1202	15-19	0.01837550936586041
1202	20-24	-0.12110400122754328
1202	25-29	-0.034920992010867735
1202	30-34	0.07110234880727262
1202	35-39	0.016436089763992356
1202	40-44	-0.06085542171641123
1202	45-49	-0.23368832959801722
1202	50-54	-0.31868063682863834
1202	55-59	-0.4153058893172741
1202	60-64	-0.25912615799426675
1202	65-69	-0.12780418332534538
1202	70-74	0.008783740294688869
1202	75-79	-0.1592718625463263
1202	80-84	-0.15650221770762585
1202	85-89	-0.26350857203919276
1202	90-94	-0.31727096206589067
1202	95-99	-0.26883083470308833
1202	100-104	-0.2002297477090096
1202	105-109	-0.18022168625559942
1202	110-114	-0.3753725776646277
1202	115-119	-0.3248722821064476
1202	120-124	-0.2826064857880155
1202	125-129	-0.27383897202457774
1202	130-134	-0.4424761378517701
1202	135-139	-0.3307546630764655
1202	140-144	-0.16848113909226115
1202	145-148	0.06496762675103795
1203	1	0.04741732526306208
1203	2	0.19498005299548282
1203	3	0.1829413855061972
1203	4	0.10809842447367402
1203	5	0.055023561986224934
1203	6	0.09243551577865361
1203	7	0.16952684008860075
1203	8	0.05245959918895693
1203	9	0.1703669377864898
1203	10-14	0.16643999783008212
1203	15-19	0.13344113866616425
1203	20-24	0.07315608133834672
1203	25-29	-0.009222357523725577
1203	30-34	0.045832421846334626
1203	35-39	-0.02103876997983889
1203	40-44	0.06390111475018756
1203	45-49	0.07279521015004065
1203	50-54	-0.09924324929820472
1203	55-59	-0.05441354254051589
1203	60-64	-0.05431775320967347
1203	65-69	0.108622724687784
1203	70-74	0.12188049058578798
1203	75-79	0.040130063991192344
1203	80-84	0.00541426371505338
1203	85-89	-0.08804016937168768
1203	90-94	0.09000912685122131
1203	95-99	0.07221658775906548
1203	100-104	-0.04958668641971187
1203	105-109	0.08130578278217371
1203	110-114	-0.020545648480755574
1203	115-119	0.2218594845919668
1203	120-124	0.05935392492438041
1203	125-129	0.06802617034865932
1203	130-134	4.766513934981731E-4
1203	135-139	0.07255326536643736
1203	140-144	-0.03419247602462505
1203	145-148	-0.02309935218407233
1204	1	0.05786123971143553
1204	2	0.11707704227588067
1204	3	8.620912557972815E-4
1204	4	0.10801507831785528
1204	5	0.07709747079270812
1204	6	0.12221573837700106
1204	7	0.13474584814112234
1204	8	0.17061239192630495
1204	9	0.1604038665447618
1204	10-14	0.16582067177991178
1204	15-19	0.0315472575562481
1204	20-24	0.07770421694895191
1204	25-29	0.11525448506743885
1204	30-34	0.21024104881458783
1204	35-39	0.15219685601390864
1204	40-44	0.13425681049825755
1204	45-49	0.048040119623294686
1204	50-54	0.11630144988627933
1204	55-59	0.3189669775394961
1204	60-64	0.08530244476950344
1204	65-69	0.029298982573614296
1204	70-74	0.15274805995543517
1204	75-79	0.11950637829595223
1204	80-84	0.13413534901022217
1204	85-89	0.07187930541930854
1204	90-94	0.09646011931160814
1204	95-99	0.11592459411901501
1204	100-104	0.007710590084368363
1204	105-109	-0.08488645192059607
1204	110-114	-0.013944632939910662
1204	115-119	0.15440679956351033
1204	120-124	0.13607085573424627
1204	125-129	0.15670135114569916
1204	130-134	0.08904027656659963
1204	135-139	0.18810181129657622
1204	140-144	-0.028300543932505917
1204	145-148	-0.031425953712510335
1205	1	0.042587563701800946
1205	2	0.09112870341648716
1205	3	0.06648937490891882
1205	4	-0.0632777788681409
1205	5	-0.02203949705949526
1205	6	0.02526805781364061
1205	7	0.1764419569471869
1205	8	0.06167647613987981
1205	9	-0.01089503005444925
1205	10-14	0.047883614544403486
1205	15-19	-0.04361142802585505
1205	20-24	0.05092606271441724
1205	25-29	0.022041577633530096
1205	30-34	0.09954343619462946
1205	35-39	0.10226540335384726
1205	40-44	-0.09198443990185723
1205	45-49	-0.2324942476575771
1205	50-54	-0.1787667652859284
1205	55-59	-0.2244316418506429
1205	60-64	0.011493568039966817
1205	65-69	0.134622121377447
1205	70-74	-0.0979008749940391
1205	75-79	0.06785610863615688
1205	80-84	0.1026029686962957
1205	85-89	-0.11082562696945075
1205	90-94	-0.03914584521287878
1205	95-99	0.027716548412733744
1205	100-104	-0.017071538084056925
1205	105-109	0.004432241875122145
1205	110-114	0.26721239784297524
1205	115-119	0.26687758390210803
1205	120-124	0.3342994958395735
1205	125-129	0.28133309792518446
1205	130-134	0.10729077934774978
1205	135-139	0.04257792239761926
1205	140-144	0.2732026660156244
1205	145-148	0.25833754286616184
1206	1	0.04796354851940521
1206	2	-0.09319173067173381
1206	3	0.00951195471338906
1206	4	-0.07538293299752752
1206	5	-0.05377417934514028
1206	6	-0.1131075862019415
1206	7	-0.1281080841495239
1206	8	-0.04803838616941647
1206	9	-0.029749400673303228
1206	10-14	-0.12580646945328056
1206	15-19	-0.09300032322589402
1206	20-24	0.004662522516483136
1206	25-29	0.010613349870858713
1206	30-34	0.13477033683413708
1206	35-39	0.062138972486543764
1206	40-44	-0.03672172163820875
1206	45-49	-0.01635693785517134
1206	50-54	0.25317573940844795
1206	55-59	0.2923431682023505
1206	60-64	0.3321515164117912
1206	65-69	0.3510621435629915
1206	70-74	0.30541292347836446
1206	75-79	0.07990646714651461
1206	80-84	0.269972177567837
1206	85-89	0.25873072898822613
1206	90-94	0.404013723639153
1206	95-99	0.2226720102663009
1206	100-104	0.3060642414504393
1206	105-109	0.2130151068841002
1206	110-114	0.31003717882756376
1206	115-119	0.28166170921033284
1206	120-124	0.31483034510484487
1206	125-129	0.4209403068902873
1206	130-134	0.4476150090349478
1206	135-139	0.5021741722389166
1206	140-144	0.4287480494847067
1206	145-148	0.24983670422589555
1207	1	0.06063896570461225
1207	2	0.13708350499407373
1207	3	0.14384662423119465
1207	4	0.11545652546959673
1207	5	0.11829108513000364
1207	6	0.0016518662145372787
1207	7	0.1276555005835931
1207	8	-0.017946732623947526
1207	9	0.03192937874624846
1207	10-14	0.1303944120159315
1207	15-19	0.1270830106804155
1207	20-24	0.18814150683294173
1207	25-29	0.1734953828881345
1207	30-34	0.11153172820783652
1207	35-39	-0.0035297958630806647
1207	40-44	0.18856104295726084
1207	45-49	-0.05346184094168649
1207	50-54	0.05805682357431152
1207	55-59	0.17157226081162236
1207	60-64	0.11193754354345486
1207	65-69	0.27786444555901113
1207	70-74	0.30735119313093406
1207	75-79	0.22279180051651792
1207	80-84	0.15064448692089627
1207	85-89	0.16251582101994444
1207	90-94	0.25141435208131213
1207	95-99	0.28166100221481827
1207	100-104	0.373084091696942
1207	105-109	0.4247877400842839
1207	110-114	0.4055535121356897
1207	115-119	0.5045084009505061
1207	120-124	0.5802453988387128
1207	125-129	0.7108185376261886
1207	130-134	0.5955017519305983
1207	135-139	0.656916710347673
1207	140-144	0.7483727718769195
1207	145-148	0.6040083844492194
1208	1	0.07893116586739524
1208	2	0.1074568546265553
1208	3	0.05296517200278572
1208	4	0.06744900083878491
1208	5	0.09494762817018909
1208	6	0.005578862094360204
1208	7	0.0442131720017116
1208	8	0.13480073937245862
1208	9	0.04412206756666137
1208	10-14	0.06438351143543031
1208	15-19	0.09434959986281655
1208	20-24	0.14530431564840285
1208	25-29	0.2678047224877673
1208	30-34	0.3382410006685106
1208	35-39	0.3782077731364595
1208	40-44	0.2009355136837172
1208	45-49	0.21084968384113267
1208	50-54	0.37220445961780513
1208	55-59	0.4759207753620913
1208	60-64	0.3728452496394752
1208	65-69	0.44832330235984585
1208	70-74	0.4485298619426743
1208	75-79	0.3789595592469652
1208	80-84	0.499895665811394
1208	85-89	0.43139026166054606
1208	90-94	0.3816335354561886
1208	95-99	0.3972806283268042
1208	100-104	0.3718610224963008
1208	105-109	0.30814139456564504
1208	110-114	0.2144753934200594
1208	115-119	0.2971731526788659
1208	120-124	0.2085096349905129
1208	125-129	0.12456745691059723
1208	130-134	0.34516716554777105
1208	135-139	0.46076326615060736
1208	140-144	0.44974183665018685
1208	145-148	0.2567162697936034
1209	1	-0.10460594348636221
1209	2	0.06648047016429359
1209	3	0.09973938309588704
1209	4	0.04648490820409279
1209	5	-0.20140779056777092
1209	6	-0.16587309643976056
1209	7	-0.09816807045186948
1209	8	-0.12656376226464516
1209	9	-0.06748881450793931
1209	10-14	0.02351100923269911
1209	15-19	0.034013586983583366
1209	20-24	-0.0795485631411239
1209	25-29	0.006674091906141655
1209	30-34	0.07130057796017297
1209	35-39	0.16300452287267575
1209	40-44	0.15746976219619313
1209	45-49	0.011452853609760894
1209	50-54	0.07972912485586647
1209	55-59	-0.03996559593812776
1209	60-64	-0.1384398446159949
1209	65-69	-0.11362859634679978
1209	70-74	0.0913043341011317
1209	75-79	0.052798090319178925
1209	80-84	0.23091023108317899
1209	85-89	0.16976088745597906
1209	90-94	0.264795907235019
1209	95-99	0.23764024586604648
1209	100-104	0.16230494239274762
1209	105-109	0.027991608312916583
1209	110-114	0.2117293121199566
1209	115-119	0.25787737649889664
1209	120-124	0.14986565200327107
1209	125-129	0.12070532117835597
1209	130-134	0.15733444317991285
1209	135-139	0.15778548933973013
1209	140-144	0.3210986151035904
1209	145-148	0.2019081800306317
1210	1	-0.07387600149159823
1210	2	-0.04305189470404258
1210	3	-0.09549700107330494
1210	4	-0.194501180805716
1210	5	-0.08915739274425505
1210	6	-0.10260889029017761
1210	7	-0.0451240788703231
1210	8	-0.054734800712360254
1210	9	-0.17045580798876614
1210	10-14	-0.16569334372660194
1210	15-19	-0.10912639556351422
1210	20-24	-0.06474388165658951
1210	25-29	0.029237615339226863
1210	30-34	-0.058913476759805405
1210	35-39	-0.027758271645055288
1210	40-44	-0.04532116229433569
1210	45-49	-0.16028114361830603
1210	50-54	-0.13962255113612088
1210	55-59	-0.29249421356555416
1210	60-64	-0.18524596339840116
1210	65-69	-0.11790558418109498
1210	70-74	-0.1061403555965228
1210	75-79	-0.08070378330127426
1210	80-84	0.025866342165770106
1210	85-89	-0.07628859665674526
1210	90-94	-0.13770704435884085
1210	95-99	0.008509297762763879
1210	100-104	-0.09037921139812255
1210	105-109	-0.017844334400507478
1210	110-114	-0.07796269547718282
1210	115-119	-0.27200199314331996
1210	120-124	-0.11672230549378071
1210	125-129	-0.2731086514103147
1210	130-134	-0.1913976547616727
1210	135-139	-0.0309609815806553
1210	140-144	-0.22750874591484305
1210	145-148	-0.22994914248874565
1211	1	-0.19656531784720954
1211	2	-0.18045968936723256
1211	3	-0.03210556345782578
1211	4	-0.06920504949098927
1211	5	-0.033827029079240845
1211	6	-0.10466283130740806
1211	7	-0.14246713285431412
1211	8	0.02530874169135444
1211	9	-0.10507345125616752
1211	10-14	-0.052487677484855055
1211	15-19	0.12363811737746033
1211	20-24	0.04565731003023643
1211	25-29	-0.06648004654827133
1211	30-34	0.009743154146704569
1211	35-39	0.1300858064448036
1211	40-44	0.08588241276617481
1211	45-49	0.09817739799763814
1211	50-54	0.13946248545955342
1211	55-59	0.08476232853737287
1211	60-64	0.36561356938015166
1211	65-69	0.22906492443429016
1211	70-74	0.30564817728229343
1211	75-79	0.28893111937286164
1211	80-84	0.2995120158555622
1211	85-89	0.242763783136148
1211	90-94	0.3207503514043708
1211	95-99	0.40325269836720423
1211	100-104	0.2822732944385642
1211	105-109	0.30923588961370996
1211	110-114	0.25811132660912506
1211	115-119	0.33446004332344614
1211	120-124	0.3434779322706589
1211	125-129	0.36443062985356534
1211	130-134	0.3976021590372554
1211	135-139	0.3974051756589887
1211	140-144	0.5834547729988948
1211	145-148	0.36067205292211924
1212	1	-0.04128262084626755
1212	2	-0.05487643380130436
1212	3	-0.061546535954008164
1212	4	-0.011582800484738698
1212	5	-0.035873014784549184
1212	6	0.0939555841963724
1212	7	4.7707322433154786E-4
1212	8	0.04069444536623479
1212	9	0.06147849147799889
1212	10-14	0.059389106290915095
1212	15-19	0.06655402790912035
1212	20-24	0.08775401006207773
1212	25-29	0.01677579144883623
1212	30-34	0.046599192389223276
1212	35-39	0.1982546764458064
1212	40-44	0.18203122557752494
1212	45-49	0.10703336005983743
1212	50-54	0.1367047579184586
1212	55-59	0.09525725574435029
1212	60-64	0.13375659248727345
1212	65-69	0.033514943343327275
1212	70-74	0.18248582341927033
1212	75-79	0.2144218702659373
1212	80-84	0.21883596994059928
1212	85-89	0.4467556318420236
1212	90-94	0.25851647238415865
1212	95-99	0.23763342039337942
1212	100-104	0.15268785140919405
1212	105-109	0.34981605715599073
1212	110-114	0.3635448878485761
1212	115-119	0.24138020907005853
1212	120-124	0.33416706487610526
1212	125-129	0.5085730435181333
1212	130-134	0.4117368730481772
1212	135-139	0.40309638961957717
1212	140-144	0.4975848617761649
1212	145-148	0.34589579179775143
1213	1	-0.14757907826148653
1213	2	-0.0656006493447947
1213	3	-0.19742442742570177
1213	4	-0.25799387649994543
1213	5	-0.08434949527480029
1213	6	-0.1338630687513671
1213	7	-0.2246179694266459
1213	8	-0.2300210697554732
1213	9	-0.3370764819478822
1213	10-14	-0.20490701067301131
1213	15-19	-0.30547979025206473
1213	20-24	-0.30029614976088936
1213	25-29	-0.16352721019667626
1213	30-34	-0.29223305969603786
1213	35-39	-0.24510368636178015
1213	40-44	-0.3296027514609179
1213	45-49	-0.24988442095433072
1213	50-54	-0.24756639261774893
1213	55-59	-0.37347229353596845
1213	60-64	-0.14893524235602484
1213	65-69	-0.37012788542858743
1213	70-74	-0.4007034485823908
1213	75-79	-0.45565435299445767
1213	80-84	-0.31818054194683043
1213	85-89	-0.312148115013521
1213	90-94	-0.34140030619010986
1213	95-99	-0.21234104576008406
1213	100-104	-0.455827213560255
1213	105-109	-0.3461571606760856
1213	110-114	-0.359081882970969
1213	115-119	-0.2911385630356378
1213	120-124	-0.2694114564304684
1213	125-129	-0.21381162860836866
1213	130-134	0.03631745597643743
1213	135-139	-0.18099696968892687
1213	140-144	-0.0995629129963902
1213	145-148	-0.3131848005874893
1214	1	-0.16121517123303875
1214	2	-0.19364211622431782
1214	3	-0.23618620553366299
1214	4	-0.1897113323435562
1214	5	-0.1403371550218182
1214	6	-0.12894624920204478
1214	7	-0.221498879747152
1214	8	-0.2227961238433238
1214	9	-0.330696525785271
1214	10-14	-0.3003744062614899
1214	15-19	-0.4213063348394499
1214	20-24	-0.3666856900354176
1214	25-29	-0.39429391079525544
1214	30-34	-0.5409345259517409
1214	35-39	-0.4890051571543381
1214	40-44	-0.6008994704621315
1214	45-49	-0.4854789052695665
1214	50-54	-0.4290355972782365
1214	55-59	-0.5461394271209059
1214	60-64	-0.3903113847226223
1214	65-69	-0.5142343654791759
1214	70-74	-0.4484328930725212
1214	75-79	-0.6719110484039987
1214	80-84	-0.6690140477752706
1214	85-89	-0.4846309387537602
1214	90-94	-0.5145404071919017
1214	95-99	-0.47804835605563056
1214	100-104	-0.6053263161130893
1214	105-109	-0.5927002168735775
1214	110-114	-0.3564181803846722
1214	115-119	-0.5738528515854568
1214	120-124	-0.4118194503737591
1214	125-129	-0.2862953030094282
1214	130-134	-0.17751825873460803
1214	135-139	-0.0027387260766822408
1214	140-144	-0.2360667537300003
1214	145-148	-0.02722949430706123
1215	1	4.692872504108436E-5
1215	2	-0.029728504807224
1215	3	0.03816968189408243
1215	4	-0.10172891810338314
1215	5	-0.03345784753422265
1215	6	-0.002802053770054158
1215	7	-0.005349517767093914
1215	8	-0.018446962676271994
1215	9	0.058912376274520284
1215	10-14	0.044698851490771574
1215	15-19	-0.061359267586595934
1215	20-24	-0.002603434690975348
1215	25-29	-0.09009535937835977
1215	30-34	-0.18839658106809054
1215	35-39	-0.08748979885910302
1215	40-44	0.04139603659069735
1215	45-49	0.011133106467276832
1215	50-54	0.0486658737257315
1215	55-59	0.06789944871621856
1215	60-64	-0.07289719328739608
1215	65-69	-0.11434159572200286
1215	70-74	-0.2937006274924556
1215	75-79	-0.20441643428664946
1215	80-84	-0.13098289251563244
1215	85-89	-0.09191723375391092
1215	90-94	0.008160235214731415
1215	95-99	-0.0010877485475688786
1215	100-104	-0.13185507818867848
1215	105-109	-0.10258099633995954
1215	110-114	-0.09837396253180941
1215	115-119	0.14791927440032282
1215	120-124	-0.11272944520721495
1215	125-129	0.1336183279040668
1215	130-134	0.07928306312183508
1215	135-139	0.010233208844312003
1215	140-144	0.019810438397353636
1215	145-148	0.3372540214801525
1216	1	-0.30220954040858317
1216	2	-0.26360203655676173
1216	3	-0.24989443538932932
1216	4	-0.2333194859740857
1216	5	-0.19385703502869944
1216	6	-0.13480329019149906
1216	7	-0.13905524946363812
1216	8	-0.3165702515573088
1216	9	-0.43784201743739004
1216	10-14	-0.2560226887370831
1216	15-19	-0.2715588613338369
1216	20-24	-0.3446797395571721
1216	25-29	-0.31616265603119587
1216	30-34	-0.3212571303924676
1216	35-39	-0.42275518789028155
1216	40-44	-0.33826306435427966
1216	45-49	-0.3216824017902482
1216	50-54	-0.3236462343728377
1216	55-59	-0.5299359306002103
1216	60-64	-0.8270789472395208
1216	65-69	-0.6762280215808758
1216	70-74	-0.46625383777242035
1216	75-79	-0.6073326225759672
1216	80-84	-0.46077976613570115
1216	85-89	-0.3422192738492953
1216	90-94	-0.504244604492051
1216	95-99	-0.39099236746481836
1216	100-104	-0.5072732535838931
1216	105-109	-0.5328733216954262
1216	110-114	-0.5990531111673327
1216	115-119	-0.5147823064528012
1216	120-124	-0.5975117467174194
1216	125-129	-0.643914128158805
1216	130-134	-0.6222845426363506
1216	135-139	-0.4168497197081926
1216	140-144	-0.578893968561939
1216	145-148	-0.6049090536766073
2101	1	0.2795394142614853
2101	2	0.2620923117388685
2101	3	0.1812107068032347
2101	4	0.19521040630846898
2101	5	0.17648605471737255
2101	6	0.17301937754588437
2101	7	0.21454871586740154
2101	8	0.0573920334923983
2101	9	0.3022377322372378
2101	10-14	0.2676950860254692
2101	15-19	0.29324162602528503
2101	20-24	0.07996180226987093
2101	25-29	0.10189067656372686
2101	30-34	0.2404624719668007
2101	35-39	0.28288433250403244
2101	40-44	0.3416715852178811
2101	45-49	0.2590813121077886
2101	50-54	0.30533612654982534
2101	55-59	0.13304803639227458
2101	60-64	-0.04523584364801536
2101	65-69	0.05363767775177308
2101	70-74	0.06280550373895011
2101	75-79	0.07156472740879849
2101	80-84	0.1548999060045304
2101	85-89	0.021124120496232024
2101	90-94	0.2050556474947598
2101	95-99	0.16404986109553477
2101	100-104	0.21185725343574902
2101	105-109	0.28222650385215786
2101	110-114	0.28185514901598197
2101	115-119	0.25893408376678906
2101	120-124	0.0660066538585582
2101	125-129	0.05479824688619317
2101	130-134	0.014876590473612339
2101	135-139	-0.06532090736914853
2101	140-144	-0.0445301660531463
2101	145-148	0.0814102773122336
2102	1	0.13839665105723498
2102	2	0.17324987027436833
2102	3	0.21256271826374729
2102	4	0.16428111859799088
2102	5	0.013408625817163511
2102	6	0.09025946115124839
2102	7	0.0734059526631583
2102	8	0.08512740842487432
2102	9	0.17659483986740554
2102	10-14	0.1032696380557141
2102	15-19	0.16939765805835094
2102	20-24	0.28579069308972294
2102	25-29	0.09682268849392983
2102	30-34	0.06198380777384216
2102	35-39	0.2282966055835729
2102	40-44	0.1411831044400813
2102	45-49	0.007297652729192805
2102	50-54	0.09060655232658377
2102	55-59	-0.027704411882780278
2102	60-64	0.03128654896840999
2102	65-69	0.10498921951922568
2102	70-74	0.0787797645594992
2102	75-79	-0.01409789206937262
2102	80-84	-0.20704086570115976
2102	85-89	-0.2667789348570935
2102	90-94	-0.12218420126407636
2102	95-99	-0.24021964877976387
2102	100-104	-0.1990678070372418
2102	105-109	-0.2240368530441117
2102	110-114	-0.31668880251169895
2102	115-119	-0.42786049597535225
2102	120-124	-0.34452856137828647
2102	125-129	-0.5296877914877278
2102	130-134	-0.44355792257211846
2102	135-139	-0.598417828531165
2102	140-144	-0.5416814776710055
2102	145-148	-0.8105485775760997
2103	1	0.20363221853861546
2103	2	0.20801300650749255
2103	3	0.11034736635464526
2103	4	0.06746155505731366
2103	5	0.18602848361464197
2103	6	0.1799883430401934
2103	7	0.19214894461971
2103	8	0.18238122760601527
2103	9	0.20723902894360435
2103	10-14	0.2105755030994345
2103	15-19	0.1754448298874749
2103	20-24	0.1292506087015326
2103	25-29	0.20283161990098364
2103	30-34	0.2054041866780878
2103	35-39	0.2365001483318281
2103	40-44	0.14132180698793206
2103	45-49	0.19954586547557085
2103	50-54	-0.018417539139321093
2103	55-59	-0.11754412618144983
2103	60-64	-0.10790599479743435
2103	65-69	-0.0018985934527009363
2103	70-74	-0.14748103511901434
2103	75-79	0.03842889242964276
2103	80-84	0.12536691978950643
2103	85-89	0.03876398191489017
2103	90-94	0.09587629637993444
2103	95-99	0.09596745706842569
2103	100-104	0.15148991979652848
2103	105-109	0.33203332785252826
2103	110-114	0.37388007237731813
2103	115-119	0.26751694995333253
2103	120-124	0.3316884886648168
2103	125-129	0.2236673194419012
2103	130-134	0.10917108246395202
2103	135-139	0.3230240298237135
2103	140-144	0.0758527280624719
2103	145-148	-0.034285023290898664
2104	1	0.19011455340805128
2104	2	0.1704629327145284
2104	3	0.16163196621609188
2104	4	0.0886295921646294
2104	5	0.09795282324297006
2104	6	0.1460194866804443
2104	7	0.2158801575349827
2104	8	0.12184690635063333
2104	9	0.2670745760656814
2104	10-14	0.25137728617825417
2104	15-19	0.25400993334821464
2104	20-24	0.2031441661245026
2104	25-29	0.33178918142020564
2104	30-34	0.4350930514713198
2104	35-39	0.5397783628434425
2104	40-44	0.33884718272963
2104	45-49	0.3028704641322335
2104	50-54	0.36990449935348835
2104	55-59	0.13072128751090872
2104	60-64	0.1555499252049657
2104	65-69	-0.005875582097623067
2104	70-74	0.09933502463822208
2104	75-79	0.2549500815504473
2104	80-84	0.19588648245328955
2104	85-89	0.1595416693339473
2104	90-94	0.10513204168880463
2104	95-99	0.10111850673560951
2104	100-104	0.06804845718997043
2104	105-109	0.033731469474773235
2104	110-114	-0.02970656657934967
2104	115-119	-0.03617450512331999
2104	120-124	0.14986565200327107
2104	125-129	0.31112914288095084
2104	130-134	0.33713349323470965
2104	135-139	0.4465944042100318
2104	140-144	0.3331190754616422
2104	145-148	0.06374139157611936
2105	1	0.06418862748212462
2105	2	0.06939435713615438
2105	3	0.03954461275618826
2105	4	0.04316844474269743
2105	5	0.06826094649226633
2105	6	0.03804148066322455
2105	7	0.09090868746547187
2105	8	0.16616685655293395
2105	9	0.018355829307722615
2105	10-14	0.0778281628252131
2105	15-19	0.16207508533494064
2105	20-24	0.09485907430999418
2105	25-29	0.19077040353867858
2105	30-34	0.16498204410541462
2105	35-39	0.2233181491283247
2105	40-44	0.2158510213020861
2105	45-49	0.3531329394927525
2105	50-54	0.2900082445552812
2105	55-59	0.1277707739721592
2105	60-64	0.22854504918048946
2105	65-69	0.16191775746042936
2105	70-74	0.010720023082043895
2105	75-79	0.04379954726266533
2105	80-84	0.08240168112534718
2105	85-89	0.011210929630664168
2105	90-94	0.14204458448369905
2105	95-99	0.08411674306717742
2105	100-104	0.1401057245413604
2105	105-109	0.02732831562063609
2105	110-114	-0.08602776172406834
2105	115-119	0.1383083250457915
2105	120-124	0.06344589891684649
2105	125-129	-0.08389938704953437
2105	130-134	-0.24549126037042868
2105	135-139	-0.30695264423898294
2105	140-144	-0.08906164867986632
2105	145-148	-0.15272815920715743
2106	1	0.08933444614330455
2106	2	0.11629710255994752
2106	3	0.027855042477312963
2106	4	-0.12474121690985385
2106	5	0.0023581348556689363
2106	6	0.013217697022604113
2106	7	-0.11241880710206686
2106	8	-0.008445347069510944
2106	9	0.12310750118111713
2106	10-14	-0.006242239447701081
2106	15-19	0.069859303813125
2106	20-24	0.030046968200956314
2106	25-29	0.04885288062001791
2106	30-34	-0.06185822050505152
2106	35-39	-0.13939621483746123
2106	40-44	0.07659404939438019
2106	45-49	0.16813676177757486
2106	50-54	0.16686265462926286
2106	55-59	0.01765104917666349
2106	60-64	0.13268876708984578
2106	65-69	0.11371543519667426
2106	70-74	0.13674346241605662
2106	75-79	0.1633178791814487
2106	80-84	0.2194290872085034
2106	85-89	0.21365358030994486
2106	90-94	0.21828201157435956
2106	95-99	0.12699856524365316
2106	100-104	0.23341341545997452
2106	105-109	0.09462400396297
2106	110-114	-0.04415117035942728
2106	115-119	-0.008652206101317006
2106	120-124	0.1137856910086299
2106	125-129	-0.19607652436888046
2106	130-134	-0.0953832131065262
2106	135-139	-0.07642793783259094
2106	140-144	0.0355454384983247
2106	145-148	-0.09404103880217463
2107	1	0.21264690560292365
2107	2	0.16222972824269277
2107	3	0.21598663881336932
2107	4	0.11090521644631224
2107	5	0.09803342386687319
2107	6	0.11892275100571226
2107	7	0.12583433458768667
2107	8	0.16600709262763047
2107	9	0.20891973331152514
2107	10-14	0.1202382799541013
2107	15-19	0.16895119937504433
2107	20-24	0.17584622741082967
2107	25-29	0.2941689894713164
2107	30-34	0.3647496032572235
2107	35-39	0.4683590455605753
2107	40-44	0.41144028391325804
2107	45-49	0.3908660460239659
2107	50-54	0.5260046232396363
2107	55-59	0.6926133125269516
2107	60-64	0.6583933361039698
2107	65-69	0.5581210147649287
2107	70-74	0.39333206928201037
2107	75-79	0.47829978377592397
2107	80-84	0.36945485118621946
2107	85-89	0.20246777050265763
2107	90-94	0.33777230916346923
2107	95-99	0.3220979535765167
2107	100-104	0.4233521275035734
2107	105-109	0.34216975775633784
2107	110-114	0.41523813243702534
2107	115-119	0.45747028494191255
2107	120-124	0.27653401028796765
2107	125-129	0.38140333426265016
2107	130-134	0.5561677783519556
2107	135-139	0.4703727823463666
2107	140-144	0.4476047987029794
2107	145-148	0.4981727840265293
2108	1	0.01638713140476966
2108	2	-0.04986611844616107
2108	3	-0.007314232953234523
2108	4	-0.06262125300101928
2108	5	-0.14328804091879022
2108	6	-0.005959005865996403
2108	7	0.08221197761933752
2108	8	0.03252336084047158
2108	9	0.014494003606813521
2108	10-14	-0.016491608506058242
2108	15-19	0.02280609549123369
2108	20-24	-0.02783751390382605
2108	25-29	-0.1543430185862249
2108	30-34	-0.30977317087969425
2108	35-39	-0.3426248053203764
2108	40-44	-0.3583568483080839
2108	45-49	-0.14439184308950104
2108	50-54	-0.23357017787371603
2108	55-59	-0.03435292608257612
2108	60-64	-0.3425247069467332
2108	65-69	-0.26307768132811304
2108	70-74	-0.28579521136422414
2108	75-79	-0.27609341630846274
2108	80-84	-0.20864618118687872
2108	85-89	-0.0890323349804234
2108	90-94	-0.24073228105179112
2108	95-99	-0.21422905757746946
2108	100-104	-0.12816648855844548
2108	105-109	-0.24905677225869738
2108	110-114	-0.24590734574158546
2108	115-119	-0.4005957678812919
2108	120-124	-0.19288202177889247
2108	125-129	-0.15226890599376475
2108	130-134	-0.23417337433990326
2108	135-139	-0.2915600759728463
2108	140-144	-0.2543660335244802
2108	145-148	-0.17627921436740834
2109	1	0.002993160610529344
2109	2	0.06583757672906643
2109	3	-0.0717991023716138
2109	4	0.049701967692470816
2109	5	0.1582522017589838
2109	6	-0.02087211136110767
2109	7	-0.044826061513575155
2109	8	-0.029626838406038303
2109	9	0.011177492691430757
2109	10-14	0.0561000033118475
2109	15-19	0.007200264572524873
2109	20-24	0.0451660232813893
2109	25-29	-0.09421662657911156
2109	30-34	-0.07667586310619612
2109	35-39	-0.2809626480851364
2109	40-44	-0.355658225443662
2109	45-49	-0.2304228398337571
2109	50-54	-0.13992112037686866
2109	55-59	-0.04693839739811523
2109	60-64	0.06888447438358014
2109	65-69	0.088963715892028
2109	70-74	0.2359543201026426
2109	75-79	0.058842843997666705
2109	80-84	0.19511039906500116
2109	85-89	0.1714432980989784
2109	90-94	0.17750756952932534
2109	95-99	0.4663081084527576
2109	100-104	0.310820584404798
2109	105-109	0.2810080228340013
2109	110-114	0.09143202575241105
2109	115-119	0.01859969838112363
2109	120-124	0.14800540874068702
2109	125-129	0.13960068508715295
2109	130-134	0.23218434830128132
2109	135-139	0.08257369742982235
2109	140-144	-0.08897096255690329
2109	145-148	0.08657426429114778
2110	1	-0.08049835733536526
2110	2	-0.0979182207256386
2110	3	-0.1796623981854566
2110	4	-0.13800892621172522
2110	5	-0.10427070891051216
2110	6	-0.16288149622495496
2110	7	-0.06345689539385546
2110	8	-0.18532679510384753
2110	9	-0.24723307195274202
2110	10-14	-0.09653448538192322
2110	15-19	-0.1328994666271015
2110	20-24	-0.09168468221744774
2110	25-29	-3.456562016310727E-4
2110	30-34	0.006751927093347376
2110	35-39	-0.07622065013858048
2110	40-44	-0.15518108436840805
2110	45-49	-0.3299062093430294
2110	50-54	-0.292142740423337
2110	55-59	-0.1800155488223254
2110	60-64	-0.14103526678373157
2110	65-69	-0.1627445417532627
2110	70-74	-0.12194179277716444
2110	75-79	-0.14277758374078076
2110	80-84	-0.3329747455615717
2110	85-89	-0.08290394186322203
2110	90-94	-0.08770933629796218
2110	95-99	-0.19403879925367562
2110	100-104	-0.012225166125588771
2110	105-109	-0.11727350674083681
2110	110-114	-0.06897397990682919
2110	115-119	-0.17427586638559944
2110	120-124	-0.1482000669433603
2110	125-129	-0.18080390439994432
2110	130-134	0.08347864793606874
2110	135-139	-0.1266809875127315
2110	140-144	-0.14590816349267044
2110	145-148	-0.16518029128951994
2111	1	-0.09134746283657336
2111	2	-0.03480954416919957
2111	3	-0.025439785561545136
2111	4	0.001692743846710698
2111	5	0.04668107708631197
2111	6	-0.029107687935223225
2111	7	-0.08490958980208063
2111	8	-0.017868110090731193
2111	9	-0.08612235488060804
2111	10-14	-0.04507475283132578
2111	15-19	-0.14904900260074072
2111	20-24	-0.07732687178899056
2111	25-29	-0.025958492900350905
2111	30-34	-0.014174816210868357
2111	35-39	0.12494910003464099
2111	40-44	0.13833454958271574
2111	45-49	0.2258102353584519
2111	50-54	0.11917011864469629
2111	55-59	0.13755470984305163
2111	60-64	0.1436194004867346
2111	65-69	0.022396248373702576
2111	70-74	0.0692785338144617
2111	75-79	0.30561701052940293
2111	80-84	0.336356958269036
2111	85-89	0.2597035534856076
2111	90-94	0.364604794000428
2111	95-99	0.4054854441460307
2111	100-104	0.06063270159007317
2111	105-109	0.22978329488721272
2111	110-114	0.33220231737557526
2111	115-119	0.335326014817106
2111	120-124	0.43166211640843244
2111	125-129	0.5224014511353587
2111	130-134	0.5230057284164076
2111	135-139	0.21844005216820506
2111	140-144	0.30322952766928424
2111	145-148	0.4434573916885398
2112	1	-0.22242331655233016
2112	2	-0.052241222356961714
2112	3	-0.18618768366670224
2112	4	-0.103751177435214
2112	5	-0.1434224217979505
2112	6	-0.309700419552847
2112	7	-0.3309936001246925
2112	8	-0.26363022087873134
2112	9	-0.29617271306204174
2112	10-14	-0.3089325277962729
2112	15-19	-0.17792393644766236
2112	20-24	-0.21599137063505935
2112	25-29	-0.1057290167236502
2112	30-34	-0.12538510390176327
2112	35-39	0.02002731070970043
2112	40-44	0.08168677860059859
2112	45-49	-0.014408656325080926
2112	50-54	0.03966802629771138
2112	55-59	0.07218673502759998
2112	60-64	0.10496799585900618
2112	65-69	0.04639085792047837
2112	70-74	-0.02177866064013756
2112	75-79	-0.0546862297440498
2112	80-84	-0.03803184180952712
2112	85-89	0.029983496962231015
2112	90-94	0.07835917919960167
2112	95-99	0.06109986306280746
2112	100-104	-0.08693968488578108
2112	105-109	0.03085047368330862
2112	110-114	-0.06864771563277117
2112	115-119	-0.12076852543943062
2112	120-124	-0.20268620071171028
2112	125-129	-0.1974433823771129
2112	130-134	-0.43267143362999505
2112	135-139	-0.34201540839363886
2112	140-144	-0.21703377523817835
2112	145-148	-0.07260280352442905
2113	1	-0.1520124848007569
2113	2	-0.1441176865860001
2113	3	-0.12516459227101961
2113	4	-0.09427450644244573
2113	5	-0.2261334722633137
2113	6	-0.20332270334718316
2113	7	-0.27078755895536233
2113	8	-0.19763257198243878
2113	9	-0.27881178529317197
2113	10-14	-0.29897674299729715
2113	15-19	-0.14381292322200778
2113	20-24	-0.12963638732345117
2113	25-29	-0.02944598385543884
2113	30-34	-0.10988282644373015
2113	35-39	-0.22402448026995359
2113	40-44	-0.28463241012966733
2113	45-49	-0.20907948790991782
2113	50-54	-0.37324525799407837
2113	55-59	-0.28625264345841117
2113	60-64	-0.34117033018849696
2113	65-69	-0.4822256314870472
2113	70-74	-0.4626239463436974
2113	75-79	-0.4841700707694159
2113	80-84	-0.4945228056230988
2113	85-89	-0.4681553515527668
2113	90-94	-0.6497331752667961
2113	95-99	-0.4506653822884843
2113	100-104	-0.53031782629105
2113	105-109	-0.564628515064193
2113	110-114	-0.5665447839787383
2113	115-119	-0.6433627432805835
2113	120-124	-0.5260652314233525
2113	125-129	-0.6103511085040978
2113	130-134	-0.6360708072248258
2113	135-139	-0.6465967257342804
2113	140-144	-0.5519510002688222
2113	145-148	-0.5216142839138378
2114	1	-0.20268806382204474
2114	2	-0.1609245841242668
2114	3	-0.06337284486864547
2114	4	-0.2377287374267496
2114	5	-0.2336656256633134
2114	6	-0.1677530452330842
2114	7	-0.20770057246694762
2114	8	-0.1743234701969385
2114	9	-0.255422056175
2114	10-14	-0.11254086123337714
2114	15-19	-0.20215017955190717
2114	20-24	-0.0781285261585225
2114	25-29	-0.18677903976139731
2114	30-34	-0.0171874026950789
2114	35-39	-0.09618802371117852
2114	40-44	-0.200894943128354
2114	45-49	-0.19184760630204778
2114	50-54	-0.14060419267293867
2114	55-59	-0.046793626851780346
2114	60-64	-0.15634179331449616
2114	65-69	-0.28567544097246866
2114	70-74	-0.39452089941079294
2114	75-79	-0.26355912365834655
2114	80-84	-0.14025566906380504
2114	85-89	-0.04849476661447483
2114	90-94	0.10435970221866597
2114	95-99	-0.01120428497650039
2114	100-104	0.01905237020556072
2114	105-109	-0.07500161154389673
2114	110-114	-0.0012634336009611502
2114	115-119	-0.12419554560057833
2114	120-124	-0.14221722694984607
2114	125-129	0.07970442032016933
2114	130-134	0.004968505102056042
2114	135-139	-0.17069727582076055
2114	140-144	-0.08868091170879921
2114	145-148	0.18840301194945752
2115	1	-0.09379566266075301
2115	2	-0.09226488969196112
2115	3	-0.11038274275119875
2115	4	-0.09981300954565597
2115	5	-0.20885254207496473
2115	6	-0.1826346181332852
2115	7	-0.1453607264838226
2115	8	-0.17001010076939593
2115	9	-0.12216270474972646
2115	10-14	-0.1879450154296194
2115	15-19	-0.10199347241937318
2115	20-24	-0.1404997584056602
2115	25-29	-0.17542931831448527
2115	30-34	-0.195326869801157
2115	35-39	-0.2810925758404039
2115	40-44	-0.22677381456797008
2115	45-49	-0.19759622474595773
2115	50-54	-0.028317591244864104
2115	55-59	-0.016400962270061825
2115	60-64	-0.12333554968983407
2115	65-69	-0.2963485642420167
2115	70-74	-0.27812224902014293
2115	75-79	-0.16232900629613312
2115	80-84	-0.11321012535282904
2115	85-89	-0.41699999579024905
2115	90-94	-0.2760893455445057
2115	95-99	-0.34147431894091795
2115	100-104	-0.3320384145631401
2115	105-109	-0.2208190555810603
2115	110-114	-0.23516418575036369
2115	115-119	-0.05040419700006993
2115	120-124	-0.1503651010909195
2115	125-129	-0.15528678031651566
2115	130-134	-0.371511973762658
2115	135-139	-0.1628632643199417
2115	140-144	-0.32119304586265685
2115	145-148	-0.45912475928951224
2116	1	-0.30113518046463383
2116	2	-0.3969605791641371
2116	3	-0.1925841166402975
2116	4	-0.12751838714631702
2116	5	-0.15500212922982826
2116	6	-0.14666796087681888
2116	7	-0.12256615988916053
2116	8	-0.2893642547158848
2116	9	-0.3817550899288804
2116	10-14	-0.22381013006991424
2116	15-19	-0.31788401648208975
2116	20-24	-0.3475998632309114
2116	25-29	-0.3900768406965369
2116	30-34	-0.4311394623986047
2116	35-39	-0.5383936869004486
2116	40-44	-0.46229447214395236
2116	45-49	-0.6715126840599694
2116	50-54	-0.5015193130925013
2116	55-59	-0.6229968554839971
2116	60-64	-0.8261780864169666
2116	65-69	-0.6607696947352153
2116	70-74	-0.61204470460072
2116	75-79	-0.6057003962263465
2116	80-84	-0.6116136740921974
2116	85-89	-0.5503652800329775
2116	90-94	-0.4121468221667257
2116	95-99	-0.5107699326938118
2116	100-104	-0.5695229588578208
2116	105-109	-0.559928062892574
2116	110-114	-0.5798133932146214
2116	115-119	-0.5762859655047841
2116	120-124	-0.6193913205323938
2116	125-129	-0.6768967560031918
2116	130-134	-0.6694629575661715
2116	135-139	-0.5821979413422014
2116	140-144	-0.6841785738514332
2116	145-148	-0.6298339819413918
2201	1	0.23315722502215408
2201	2	0.27136874958673474
2201	3	0.12369679214646112
2201	4	0.14511764192999266
2201	5	0.13566972818676248
2201	6	0.1674535148371632
2201	7	0.23310159156313404
2201	8	0.10377422273172954
2201	9	0.26142140570662775
2201	10-14	0.2717767186785309
2201	15-19	0.2995496037618395
2201	20-24	0.36567608798415563
2201	25-29	0.37016525912401477
2201	30-34	0.16773519923952307
2201	35-39	0.12815334920161803
2201	40-44	0.15243225312141107
2201	45-49	0.23273622861984933
2201	50-54	0.22333241597468856
2201	55-59	0.1664432126446016
2201	60-64	0.24752853483064996
2201	65-69	0.44881393007088377
2201	70-74	0.456868583516318
2201	75-79	0.31794691664812547
2201	80-84	0.3185362696408873
2201	85-89	-0.028597586368327654
2201	90-94	-0.0932745936926267
2201	95-99	-0.08826924836643713
2201	100-104	0.2430260846045762
2201	105-109	0.4002227932770239
2201	110-114	0.2870499542107865
2201	115-119	0.346503657050647
2201	120-124	0.15691574476764458
2201	125-129	0.1490468554205151
2201	130-134	-0.008500032903015153
2201	135-139	-0.055302354493449
2201	140-144	0.0920189990674487
2201	145-148	0.2353991455868183
2202	1	0.24414052743402692
2202	2	0.1855431466182722
2202	3	0.18896580884405267
2202	4	0.2646723729132958
2202	5	0.15414839237971023
2202	6	0.26582086177593567
2202	7	0.3014874913776069
2202	8	0.29501726540334516
2202	9	0.30557724986247337
2202	10-14	0.3469678132981926
2202	15-19	0.23917112509764138
2202	20-24	0.26973545718637837
2202	25-29	0.16523761533922965
2202	30-34	0.2862435480335819
2202	35-39	0.32781197628882097
2202	40-44	0.23557139968913532
2202	45-49	0.20147092249739984
2202	50-54	0.2326088538225477
2202	55-59	0.0996380178394034
2202	60-64	0.11776230106440977
2202	65-69	0.2294002009428766
2202	70-74	0.1844381568001765
2202	75-79	0.1504367125664885
2202	80-84	0.06494072233105896
2202	85-89	0.13835603144242725
2202	90-94	-0.03317811873900922
2202	95-99	0.1004431820602889
2202	100-104	0.21662905306468971
2202	105-109	0.1304862441118928
2202	110-114	0.23225218055586794
2202	115-119	0.06026246966660409
2202	120-124	0.1162033143409289
2202	125-129	0.04765167916819024
2202	130-134	-0.1284555060013446
2202	135-139	0.025039018419345638
2202	140-144	0.016954064002508318
2202	145-148	0.025918626106296472
2203	1	0.2381805668170216
2203	2	0.2203248991617599
2203	3	0.16922836217519688
2203	4	0.1834055530905161
2203	5	0.13590749969838356
2203	6	0.120609178152705
2203	7	0.23378811494176688
2203	8	0.2166319683898834
2203	9	0.16760547434557083
2203	10-14	0.14308071123058141
2203	15-19	0.1536483157769979
2203	20-24	0.08905806959202778
2203	25-29	0.2798382060842286
2203	30-34	0.3054598263401118
2203	35-39	-0.030267446093851902
2203	40-44	0.13088613549484052
2203	45-49	0.296349819773404
2203	50-54	0.32929411801683983
2203	55-59	0.33629177563395274
2203	60-64	0.3625972206574559
2203	65-69	0.3428796889638761
2203	70-74	0.22251495364953655
2203	75-79	0.16478656488024512
2203	80-84	0.16143694812692644
2203	85-89	0.2578755588464432
2203	90-94	0.27026264266565647
2203	95-99	0.22309890900482543
2203	100-104	0.2950156628447935
2203	105-109	0.07368414368524157
2203	110-114	0.17541857372948044
2203	115-119	0.11590145883626946
2203	120-124	0.10577075772787481
2203	125-129	0.22799168573203588
2203	130-134	0.28959109721493803
2203	135-139	0.29369934004718345
2203	140-144	0.1408398533034685
2203	145-148	-0.09217129840962102
2204	1	0.15226262431524873
2204	2	0.1889472607523146
2204	3	0.1962053576164493
2204	4	9.373986750915719E-5
2204	5	0.03106942754892117
2204	6	0.1594771325124995
2204	7	0.041912176181853056
2204	8	0.14303319108350365
2204	9	0.24393159624601424
2204	10-14	0.21918811854039433
2204	15-19	0.27345911448053073
2204	20-24	0.2940924578499491
2204	25-29	0.30749242622177775
2204	30-34	0.3852893343640389
2204	35-39	0.3611842390625455
2204	40-44	0.6235236226486549
2204	45-49	0.3421981952246682
2204	50-54	0.19067122940317205
2204	55-59	0.3827528154505515
2204	60-64	0.6175446501022321
2204	65-69	0.522221700611091
2204	70-74	0.5036949583927353
2204	75-79	0.5265773894079047
2204	80-84	0.14098186367147036
2204	85-89	0.37867189076558816
2204	90-94	0.16198047449258723
2204	95-99	0.12767742227262602
2204	100-104	0.21040078498240788
2204	105-109	0.12945372918157716
2204	110-114	0.21116259860497166
2204	115-119	0.3505690390096632
2204	120-124	0.17494385846833183
2204	125-129	0.2455455079671296
2204	130-134	0.39581655770137303
2204	135-139	0.27901911131915114
2204	140-144	0.5572526705055019
2204	145-148	0.4720151755422606
2205	1	0.1587892522032277
2205	2	0.16503618370167317
2205	3	0.10378039185140864
2205	4	0.013951046047388616
2205	5	0.09637339629146169
2205	6	0.12603366102488422
2205	7	0.17297239201913328
2205	8	0.25018547069203123
2205	9	0.13968771770787924
2205	10-14	0.16789849707225102
2205	15-19	0.1637112596618735
2205	20-24	0.1950566901702686
2205	25-29	0.07089619772070677
2205	30-34	-0.01753426451531226
2205	35-39	0.025120065789678847
2205	40-44	-0.04113459311324874
2205	45-49	0.19314483894240198
2205	50-54	0.09666768655608848
2205	55-59	0.14115765482892328
2205	60-64	0.23867233079371886
2205	65-69	0.0326259872048027
2205	70-74	0.0774376873900664
2205	75-79	0.19907886559418841
2205	80-84	0.008841833268313337
2205	85-89	0.15428906226702566
2205	90-94	0.09061346317305663
2205	95-99	0.2585711745497292
2205	100-104	0.2622450755963719
2205	105-109	0.06313715946161125
2205	110-114	-0.005209249580261144
2205	115-119	-0.14070827043666867
2205	120-124	0.022499042708950867
2205	125-129	-0.03412143927962319
2205	130-134	0.03838286045147754
2205	135-139	-0.05466306263213028
2205	140-144	-0.17116360146454923
2205	145-148	0.07838146447274497
2206	1	0.06057787387137381
2206	2	0.10585641443154259
2206	3	0.08708620196444627
2206	4	0.1274610707019903
2206	5	0.12440637763769757
2206	6	0.08305673401181224
2206	7	0.045056287446406884
2206	8	0.0535184939045692
2206	9	0.08837823266345879
2206	10-14	0.08461769044807
2206	15-19	0.21487014229666102
2206	20-24	0.11956592401684674
2206	25-29	0.08336537946698996
2206	30-34	0.10546836375839774
2206	35-39	0.18009576007260364
2206	40-44	0.09139203850977395
2206	45-49	0.023279276305757435
2206	50-54	-0.159252325538624
2206	55-59	-0.08462733842595327
2206	60-64	0.07097974578184818
2206	65-69	0.25205253509520986
2206	70-74	0.28645289881492175
2206	75-79	0.3196480147778047
2206	80-84	0.19757340046373884
2206	85-89	0.36985111743751276
2206	90-94	0.12309706553617872
2206	95-99	0.10346406658117502
2206	100-104	-0.028514681579046908
2206	105-109	-0.06633439470874691
2206	110-114	0.0922165540202542
2206	115-119	0.26491111831525416
2206	120-124	0.12095638559399902
2206	125-129	0.06933718285370105
2206	130-134	-0.04116312270895861
2206	135-139	0.13111518549551704
2206	140-144	0.012973720022163349
2206	145-148	-0.019147405834733178
2207	1	0.08844479459543209
2207	2	-0.02362197397541621
2207	3	0.025366550959077472
2207	4	0.06162970129919643
2207	5	0.09856397679529749
2207	6	0.05428097309319213
2207	7	0.03644110918836674
2207	8	0.11861652328831696
2207	9	0.053629197914418114
2207	10-14	-0.047703800801990326
2207	15-19	0.042406746618979696
2207	20-24	-0.15862817917725636
2207	25-29	-0.06545626221179646
2207	30-34	0.006696238200554205
2207	35-39	-0.10153125191155254
2207	40-44	0.0715417150880242
2207	45-49	0.02976776850852758
2207	50-54	0.04003000410084212
2207	55-59	0.1694116727559205
2207	60-64	-0.018519702646166536
2207	65-69	0.024695191666431526
2207	70-74	0.12959585624358994
2207	75-79	0.19030313186149073
2207	80-84	0.2966438763199264
2207	85-89	0.26787736724948275
2207	90-94	0.2959647384038533
2207	95-99	0.4482799167541671
2207	100-104	0.4125993684635709
2207	105-109	0.21432297880577522
2207	110-114	0.3211872454909326
2207	115-119	0.38435152346993817
2207	120-124	0.33762075404408876
2207	125-129	0.4340190261069736
2207	130-134	0.34957046802463054
2207	135-139	0.4523043245417995
2207	140-144	0.2519447875646641
2207	145-148	0.3499631530079661
2208	1	-0.014371869260187964
2208	2	-0.014952721150322645
2208	3	0.1011972138027275
2208	4	0.06830873654966041
2208	5	0.08109054114004266
2208	6	-0.0216171547529882
2208	7	0.011074268237109663
2208	8	0.011380901766976592
2208	9	0.013015266391398939
2208	10-14	0.058438887678356366
2208	15-19	0.09946864575879744
2208	20-24	0.19839661421116972
2208	25-29	-0.06663015325580801
2208	30-34	-0.0033762866771596123
2208	35-39	0.015216934966503004
2208	40-44	-0.11342033584806188
2208	45-49	-0.04226461469268372
2208	50-54	-0.03978784039232153
2208	55-59	-0.060097519350676976
2208	60-64	-0.11946083943145425
2208	65-69	-0.098732030462088
2208	70-74	-0.02911556220809075
2208	75-79	-0.0033484114004451726
2208	80-84	-0.1949601041152178
2208	85-89	-0.06141256359889269
2208	90-94	-0.011095474110902614
2208	95-99	0.09115392586193849
2208	100-104	0.22267863984154346
2208	105-109	0.13422178130197437
2208	110-114	0.09162408138232081
2208	115-119	0.13857651925337677
2208	120-124	0.1477405044235809
2208	125-129	0.27631283619299296
2208	130-134	0.22248664275898022
2208	135-139	0.14358447296480392
2208	140-144	0.41877224582069417
2208	145-148	0.3328607748666279
2209	1	0.04474351159030476
2209	2	0.009161051555977906
2209	3	-0.0620140404099061
2209	4	0.019793123567040993
2209	5	0.00638035669289394
2209	6	-0.028315424949184376
2209	7	0.01480236601228313
2209	8	0.06555718233919805
2209	9	-0.030248007790198983
2209	10-14	-0.12126045927526263
2209	15-19	-0.10226926868793385
2209	20-24	-0.05365971278747139
2209	25-29	-0.030347063940880048
2209	30-34	-0.15111747334773895
2209	35-39	-0.11060426736600704
2209	40-44	-0.10242398563620014
2209	45-49	0.00784963346494294
2209	50-54	0.016580550484604828
2209	55-59	0.19572661959298188
2209	60-64	0.14592658348249188
2209	65-69	0.2810808654560262
2209	70-74	0.32702545106260317
2209	75-79	0.17147839846097668
2209	80-84	0.3411739172241539
2209	85-89	0.10720820803064157
2209	90-94	-0.05620965234922437
2209	95-99	-0.016222561671447977
2209	100-104	-0.0338474890057654
2209	105-109	0.033869108286637584
2209	110-114	-0.021858879281076327
2209	115-119	-0.039236684309706504
2209	120-124	-0.012715928852415459
2209	125-129	0.060275583182964
2209	130-134	-0.0576811635924912
2209	135-139	0.028740602790986003
2209	140-144	-0.10574398245188021
2209	145-148	0.008873556117066528
2210	1	0.016309071962503197
2210	2	-0.045995671100506286
2210	3	-0.02387259214375348
2210	4	0.029166893672673666
2210	5	0.10528900049825296
2210	6	0.005870252113950869
2210	7	-0.030733530385006702
2210	8	-0.05455519948321097
2210	9	-4.576320637497133E-4
2210	10-14	-0.009477317123170792
2210	15-19	-0.06949008805253243
2210	20-24	-0.04432041563349998
2210	25-29	0.0935314878504272
2210	30-34	0.14837721063583587
2210	35-39	0.028294149463690133
2210	40-44	0.06654346327919569
2210	45-49	-0.018073451634407434
2210	50-54	-0.06357882946189619
2210	55-59	0.038068022469751384
2210	60-64	0.020522603580225507
2210	65-69	-0.00759563174735689
2210	70-74	0.06596925727864544
2210	75-79	-0.013976314135156542
2210	80-84	0.05530466738431272
2210	85-89	0.018635704231435568
2210	90-94	0.12222981458404547
2210	95-99	0.10685219579697502
2210	100-104	0.023683845470920062
2210	105-109	0.03495730446071832
2210	110-114	0.08091648060217693
2210	115-119	-0.018372504866505324
2210	120-124	-0.027432431916210476
2210	125-129	0.1266101604153036
2210	130-134	0.05987849615947738
2210	135-139	0.20732887796557975
2210	140-144	0.10450769882269739
2210	145-148	-0.02902658148746795
2211	1	-0.03874306643454162
2211	2	-0.15953804931434235
2211	3	-0.030062875326535732
2211	4	-0.022084342825060332
2211	5	-0.022048299075741795
2211	6	-0.07429448197880362
2211	7	-0.06485945049521291
2211	8	-0.12645488515060777
2211	9	-0.09065890129855347
2211	10-14	-0.2009951552858098
2211	15-19	-0.2211803698181214
2211	20-24	-0.2122630251326285
2211	25-29	-0.17067739452569697
2211	30-34	-0.041617432388335374
2211	35-39	-0.19181406711685156
2211	40-44	0.11245529709389501
2211	45-49	0.03168066600931496
2211	50-54	0.2837850565847262
2211	55-59	0.06758580961357552
2211	60-64	0.18474424066071293
2211	65-69	0.18879677098384207
2211	70-74	0.11074563896742262
2211	75-79	0.22879276052521647
2211	80-84	0.08859954764598399
2211	85-89	-0.035234498228234656
2211	90-94	0.1150701738698956
2211	95-99	0.08266870945442406
2211	100-104	0.2133247580275004
2211	105-109	0.30371253034653023
2211	110-114	0.13784271022652916
2211	115-119	0.018265808564756014
2211	120-124	0.054182370343355046
2211	125-129	-0.05271984913655814
2211	130-134	0.13201740339309964
2211	135-139	0.05152194450828773
2211	140-144	0.10568680038132428
2211	145-148	0.09784304559331858
2212	1	-0.05376810817077171
2212	2	-0.08942118787861375
2212	3	-0.0717991023716138
2212	4	-0.1222512877332349
2212	5	-0.10552075316589082
2212	6	-0.019202662279305116
2212	7	-0.12162071927651397
2212	8	-0.0630158200420965
2212	9	-0.2960011383603245
2212	10-14	-0.2403941536163643
2212	15-19	-0.29330057015201305
2212	20-24	-0.2673548448321341
2212	25-29	-0.22309809569431138
2212	30-34	-0.38652561268883545
2212	35-39	-0.23054528581468503
2212	40-44	-0.27151799172079194
2212	45-49	-0.12758477639469135
2212	50-54	-0.3095371470880579
2212	55-59	-0.2930151920558757
2212	60-64	-0.06934590958970688
2212	65-69	-0.06629504871565217
2212	70-74	-0.19810244116613518
2212	75-79	-0.20559789055992184
2212	80-84	-0.14445554417372364
2212	85-89	-0.05526788720987241
2212	90-94	-0.061891428801231996
2212	95-99	-0.03586217535358571
2212	100-104	0.11783227054837297
2212	105-109	-0.011813346114237788
2212	110-114	-0.04646446840451546
2212	115-119	0.03329085030099321
2212	120-124	-0.07302964969002801
2212	125-129	0.0674804847532684
2212	130-134	0.09963009120612298
2212	135-139	0.2007706924214716
2212	140-144	0.29466843644142315
2212	145-148	0.33740898883204906
2213	1	-0.09592440763091048
2213	2	-0.14491139883627113
2213	3	-0.086878347000102
2213	4	-0.09954840630748407
2213	5	-0.1352022569709348
2213	6	-0.12359472263964477
2213	7	-0.16253848264836535
2213	8	-0.08407364368756731
2213	9	-0.13305911377388924
2213	10-14	-0.22938283605245147
2213	15-19	-0.15963406970755045
2213	20-24	-0.4485632441123215
2213	25-29	-0.45576238466077257
2213	30-34	-0.4987304779404482
2213	35-39	-0.41813607565922695
2213	40-44	-0.5841169119991747
2213	45-49	-0.6168927138662355
2213	50-54	-0.6446638734501704
2213	55-59	-0.33388146268008256
2213	60-64	-0.3459779586758529
2213	65-69	-0.4225218769792036
2213	70-74	-0.33056184319982407
2213	75-79	-0.40496588483609486
2213	80-84	-0.37909823870789694
2213	85-89	-0.46241020232380947
2213	90-94	-0.38617811873900365
2213	95-99	-0.4377126620955565
2213	100-104	-0.39046185602622074
2213	105-109	-0.49569557406992004
2213	110-114	-0.5405010661973755
2213	115-119	-0.5009453225411882
2213	120-124	-0.26377071163309296
2213	125-129	-0.3239587104421915
2213	130-134	-0.2682866748325097
2213	135-139	-0.44115578677545386
2213	140-144	-0.3654485334000803
2213	145-148	-0.23294501025733894
2214	1	-0.05599756232432185
2214	2	-0.06996893623558265
2214	3	-0.10005030162775341
2214	4	-0.07938976747796289
2214	5	-0.25037980094595014
2214	6	-0.15928845928274882
2214	7	-0.1049394361252709
2214	8	-0.11514383931472594
2214	9	-0.09465289973476843
2214	10-14	-0.13506670914139107
2214	15-19	-0.21744682657093506
2214	20-24	-0.08288019298623084
2214	25-29	-0.186631199390348
2214	30-34	-0.18363102043592505
2214	35-39	-0.2418209351035827
2214	40-44	-0.18390731147312778
2214	45-49	-0.25811826047152664
2214	50-54	-0.3404061059012733
2214	55-59	-0.3102089326784352
2214	60-64	-0.38557601884352977
2214	65-69	-0.23343754359108004
2214	70-74	-0.23274826437359053
2214	75-79	-0.26970367868781864
2214	80-84	-0.31969909354926074
2214	85-89	-0.45249322057137675
2214	90-94	-0.6025187401429193
2214	95-99	-0.5130044589063445
2214	100-104	-0.4837875177063147
2214	105-109	-0.5283768168777492
2214	110-114	-0.47812641553159096
2214	115-119	-0.4609527202068193
2214	120-124	-0.47712349808714904
2214	125-129	-0.5983586775636773
2214	130-134	-0.394823745356927
2214	135-139	-0.38006339815142454
2214	140-144	-0.5182185481954171
2214	145-148	-0.41062769150014944
2215	1	-0.04664529691112307
2215	2	-0.15396378712594583
2215	3	-0.19066439146411795
2215	4	-0.13600559318840055
2215	5	-0.06828612225819342
2215	6	-0.10986480848600166
2215	7	-0.148836083352748
2215	8	-0.022825569727629613
2215	9	-0.17177251901271973
2215	10-14	-0.1523357306155262
2215	15-19	-0.14402764223671483
2215	20-24	-0.2424494426595416
2215	25-29	-0.22136330915999736
2215	30-34	-0.3718704735380669
2215	35-39	-0.430980011384527
2215	40-44	-0.6126443167977698
2215	45-49	-0.5410067354378825
2215	50-54	-0.5174681877799117
2215	55-59	-0.44808463239172625
2215	60-64	-0.3760682074101709
2215	65-69	-0.36378315807099426
2215	70-74	-0.2863784841859598
2215	75-79	-0.28745542919005374
2215	80-84	-0.2690993393022225
2215	85-89	-0.2732125355837596
2215	90-94	-0.22435223276056604
2215	95-99	-0.35064464536652906
2215	100-104	-0.23892102397691417
2215	105-109	-0.07705150627330681
2215	110-114	-0.12710683331161476
2215	115-119	-0.19082535776021103
2215	120-124	-0.09442226347108829
2215	125-129	-0.15800009278866156
2215	130-134	-0.0031920237209135394
2215	135-139	-0.14578378589498442
2215	140-144	-0.13272236126712755
2215	145-148	-0.048719278362117535
2216	1	-0.23516017186667426
2216	2	-0.1850539485942022
2216	3	-0.2443746968041438
2216	4	-0.1357525867424343
2216	5	-0.14144601321468997
2216	6	-0.26019850347420004
2216	7	-0.14144419232330563
2216	8	-0.1353108680017172
2216	9	-0.13635389591483005
2216	10-14	-0.17601120768082978
2216	15-19	-0.3557379658114499
2216	20-24	-0.3898815411998413
2216	25-29	-0.38033204576889545
2216	30-34	-0.3907634449734161
2216	35-39	-0.2895608047762721
2216	40-44	-0.29203591607203094
2216	45-49	-0.19182547341438294
2216	50-54	-0.24807968840445227
2216	55-59	-0.16997037376899016
2216	60-64	-0.32555991518088234
2216	65-69	-0.4664126016391563
2216	70-74	-0.4519846511610979
2216	75-79	-0.10885430410913699
2216	80-84	-0.3386752002079447
2216	85-89	-0.29517167162373426
2216	90-94	-0.4803013032468044
2216	95-99	-0.6333362692576259
2216	100-104	-0.4531568533366048
2216	105-109	-0.5795040732630419
2216	110-114	-0.4711550276205685
2216	115-119	-0.5828499563689036
2216	120-124	-0.7100667233137195
2216	125-129	-0.6365000152911904
2216	130-134	-0.6683500729728316
2216	135-139	-0.7456839509190054
2216	140-144	-0.8414321651529484
2216	145-148	-0.5828643217151139
>>END_MODULE
>>Per sequence quality scores	pass
#Quality	Count
11	2.0
12	12.0
13	40.0
14	118.0
15	242.0
16	354.0
17	484.0
18	597.0
19	746.0
20	889.0
21	1153.0
22	1306.0
23	1620.0
24	1983.0
25	2512.0
26	2967.0
27	3626.0
28	4176.0
29	5073.0
30	6379.0
31	7970.0
32	10300.0
33	13316.0
34	19308.0
35	32595.0
36	74306.0
37	87820.0
38	9845.0
>>END_MODULE
>>Per base sequence content	pass
#Base	G	A	T	C
1	20.723613787197603	28.910366641114354	26.884482841969326	23.481536729718716
2	21.167273543065214	28.601653234852538	27.636288332441715	22.594784889640536
3	21.173193805459395	27.451602994419115	27.91684930230311	23.45835389781838
4	21.687113069239242	27.50751849844105	27.687064729869242	23.11830370245046
5	22.755222880896564	27.325049458118556	27.752823342160415	22.166904318824468
6	22.85819805951243	27.403605537741484	26.797505186023795	22.940691216722296
7	22.961671872573213	27.19174418002658	27.3346333718743	22.511950575525912
8	22.29351243705542	27.254183937957954	27.37463717345611	23.077666451530515
9	22.321123493903134	27.039507970966977	27.67283658741143	22.96653194771846
10-14	22.319199929314575	27.13920059199046	27.559240462989553	22.98235901570542
15-19	22.502690363494164	26.916128996630746	27.630153883959913	22.951026755915176
20-24	22.8335885071023	26.630960746497173	27.478280317473903	23.057170428926625
25-29	23.227706724981502	26.45448847508918	27.14828865842749	23.169516141501827
30-34	23.484352738477853	26.25251261831395	26.980136509724662	23.282998133483538
35-39	23.48416605059326	26.03011960452574	26.889101954799195	23.596612390081805
40-44	23.619306243148994	25.98675218749051	26.791063939056748	23.60287763030375
45-49	23.626830271720973	25.807141890753865	26.662396147697372	23.90363168982779
50-54	23.4810597981212	25.792594832162273	26.658825104870537	24.06752026484599
55-59	23.801000492169806	25.719910512070587	26.524501151732572	23.95458784402704
60-64	23.76842266570304	25.715973937851484	26.368632096147486	24.14697130029799
65-69	23.848892656272003	25.711607436225233	26.426459178348473	24.0130407291543
70-74	23.976577508140096	25.717802184451777	26.214870921582417	24.090749385825706
75-79	23.872588778176222	25.621335063626226	26.35268293188007	24.15339322631748
80-84	23.952470293933708	25.61086054059726	26.307487985730592	24.129181179738442
85-89	23.808547560768524	25.66180297564565	26.288160232595704	24.24148923099012
90-94	23.63336782428803	25.609085179772883	26.33436161936758	24.423185376571507
95-99	23.814891563803336	25.633505121192584	26.18200217300367	24.369601142000406
100-104	23.861123900469874	25.638664528638692	26.20055263835459	24.29965893253684
105-109	23.741412919828146	25.67958042035276	26.25624012899948	24.32276653081961
110-114	23.723205909903243	25.80322733620168	26.189093986485695	24.284472767409383
115-119	23.812547888092002	25.721928086754243	26.17785723653784	24.287666788615923
120-124	23.705899812934444	25.852321752755934	26.050293713630936	24.391484720678683
125-129	23.62656667727397	25.78811019909753	26.140429230054522	24.444893893573973
130-134	23.47820504678729	25.81660320677249	26.102517871392244	24.602673875047977
135-139	23.33448840464863	25.83620720598833	26.23622542942422	24.593078959938815
140-144	23.436194930826588	25.85011990242138	26.290107256408945	24.423577910343084
145-148	23.403410762809347	25.937709526854384	26.29288585947754	24.36599385085873
>>END_MODULE
>>Per sequence GC content	warn
#GC Content	Count
0	2.0
1	2.0
2	3.0
3	12.5
4	23.5
5	35.0
6	67.0
7	86.5
8	66.0
9	43.5
10	38.5
11	26.5
12	15.0
13	24.0
14	30.5
15	53.0
16	74.0
17	85.5
18	144.5
19	245.5
20	385.0
21	510.5
22	726.0
23	1043.0
24	1350.0
25	1606.0
26	1942.5
27	2536.5
28	3133.5
29	3628.5
30	4182.0
31	4738.5
32	5002.0
33	5186.5
34	5642.0
35	6029.5
36	6288.5
37	6573.0
38	6868.0
39	7083.0
40	6943.5
41	6770.0
42	6839.0
43	6778.5
44	6691.5
45	6962.5
46	7644.0
47	8318.5
48	9086.5
49	10046.5
50	10618.5
51	10801.0
52	10490.5
53	9992.0
54	9720.5
55	9519.5
56	9110.5
57	8734.0
58	8416.5
59	7887.5
60	7363.5
61	6571.0
62	5727.0
63	4891.5
64	4026.5
65	3312.5
66	2671.0
67	2082.0
68	1569.0
69	1165.5
70	863.0
71	655.5
72	457.0
73	284.0
74	195.0
75	156.5
76	122.5
77	100.5
78	80.0
79	76.5
80	88.5
81	86.5
82	72.0
83	68.0
84	47.0
85	24.0
86	14.0
87	10.0
88	5.0
89	4.0
90	13.5
91	16.5
92	11.5
93	6.0
94	0.0
95	0.0
96	0.0
97	0.0
98	0.0
99	0.0
100	0.0
>>END_MODULE
>>Per base N content	pass
#Base	N-Count
1	0.04728393485171137
2	0.0013805528423857334
3	0.0
4	0.041416585271572
5	0.03451382105964333
6	0.006212487790735801
7	0.0013805528423857334
8	0.0
9	0.0
10-14	0.0015876357687435933
15-19	4.1416585271572006E-4
20-24	6.2124877907358E-4
25-29	4.8319349483500666E-4
30-34	4.8319349483500666E-4
35-39	2.7611056847714663E-4
40-44	2.0708292635786003E-4
45-49	2.0708292635786003E-4
50-54	2.7611056847714663E-4
55-59	5.522211369542933E-4
60-64	2.7611056847714663E-4
65-69	2.0708292635786003E-4
70-74	1.3805528423857332E-4
75-79	0.0
80-84	6.902764211928666E-5
85-89	6.902764211928666E-5
90-94	4.1416585271572006E-4
95-99	6.2124877907358E-4
100-104	5.522211369542933E-4
105-109	4.8319349483500666E-4
110-114	5.522211369542933E-4
115-119	3.4513821059643335E-4
120-124	3.4513821059643335E-4
125-129	5.522211369542933E-4
130-134	7.593040633121533E-4
135-139	7.593040633121533E-4
140-144	0.0011734699160278735
145-148	0.008197032501665293
>>END_MODULE
>>Sequence Length Distribution	pass
#Length	Count
148	289739.0
>>END_MODULE
>>Sequence Duplication Levels	pass
#Total Deduplicated Percentage	85.39845306318037
#Duplication Level	Percentage of total
1	73.01810373448771
2	20.979971258633494
3	4.8377911250914
4	0.9368258097887102
5	0.1845364349646817
6	0.030096408474776043
7	0.0057673513906345225
8	0.0032688655486606214
9	0.0036390116199481286
>10	0.0
>50	0.0
>100	0.0
>500	0.0
>1k	0.0
>5k	0.0
>10k+	0.0
>>END_MODULE
>>Overrepresented sequences	pass
>>END_MODULE
>>Adapter Content	pass
#Position	Illumina Universal Adapter	Illumina Small RNA 3' Adapter	Illumina Small RNA 5' Adapter	Nextera Transposase Sequence	PolyA	PolyG
1	0.0	0.0	0.0	0.0	0.31856256838050795	0.0
2	0.0	0.0	0.0	0.0	0.3537666658613442	0.0
3	0.0	0.0	0.0	0.0	0.3882804869209875	0.0
4	0.0	0.0	0.0	0.0	0.4376352510362775	0.0
5	0.0	0.0	0.0	0.0	0.4856094623091817	0.0
6	0.0	0.0	0.0	0.0	0.5259906329489644	0.0
7	0.0	0.0	0.0	0.0	0.5649912507463614	0.0
8	0.0	0.0	0.0	0.0	0.590186340119901	0.0
9	0.0	0.0	0.0	0.0	0.6350543074974373	0.0
10-11	0.0	0.0	0.0	0.0	0.6823382423491487	6.902764211928667E-4
12-13	0.0	0.0	0.0	0.0	0.7517110226790318	6.902764211928667E-4
14-15	0.0	0.0	0.0	0.0	0.8195306810612311	6.902764211928667E-4
16-17	0.0	0.0	0.0	0.0	0.8707837053348013	6.902764211928667E-4
18-19	0.0	0.0	0.0	0.0	0.9194481930288985	8.628455264910834E-4
20-21	0.0	0.0	0.0	0.0	0.968457818933592	0.0010354146317893
22-23	0.0	0.0	0.0	0.0	1.0257507618925998	0.0013805528423857334
24-25	0.0	0.0	0.0	0.0	1.066477070742979	0.0015531219476839502
26-27	0.0	0.0	0.0	0.0	1.1028891519609028	0.0020708292635786
28-29	0.0	0.0	0.0	0.0	1.1399915096000193	0.002933674790069683
30-31	0.0	0.0	0.0	0.0	1.1748504688702592	0.003451382105964333
32-33	0.0	0.0	0.0	0.0	1.2112625500881828	0.003969089421858984
34-35	0.0	0.0	0.0	0.0	1.2452586638319314	0.0043142276324554165
36-37	0.0	0.0	0.0	0.0	1.280807899523364	0.004831934948350066
38-39	0.0	0.0	0.0	0.0	1.3130783222141307	0.005349642264244716
40-41	0.0	0.0	0.0	0.0	1.34603902132609	0.005694780474841151
42-43	0.0	0.0	0.0	0.0	1.3829688098599084	0.0062124877907358
44-45	0.0	0.0	0.0	0.0	1.4252482406579716	0.006557626001332233
46-47	0.0	0.0	0.0	0.0	1.4682179478772275	0.0072479024225251005
48-49	0.0	0.0	0.0	0.0	1.5010060778838885	0.00776560973841975
50-51	0.0	0.0	0.0	0.0	1.5375907282071106	0.008628455264910833
52-53	0.0	0.0	0.0	0.0	1.5802152972157701	0.010354146317893002
54-55	0.0	0.0	0.0	0.0	1.620078760539658	0.010871853633787652
56-57	0.0	0.0	0.0	0.0	1.6554554271257924	0.011734699160278732
58-59	0.0	0.0	0.0	0.0	1.6872081425006644	0.013632959318559117
60-61	0.0	0.0	0.0	0.0	1.7196511342967291	0.0176020487404181
62-63	0.0	0.0	0.0	0.0	1.7527844025139867	0.019500308898698485
64-65	0.0	0.0	0.0	0.0	1.7897141910478052	0.021916276372873515
66-67	0.0	0.0	0.0	0.0	1.8211217682120806	0.023124260109961034
68-69	0.0	0.0	0.0	0.0	1.8599498169041793	0.025712796689434284
70-71	0.0	0.0	0.0	0.0	1.894118499753226	0.03140757716427543
72-73	0.0	0.0	0.0	0.0	1.921902125706239	0.03347840642785403
74-75	0.0	0.0	0.0	0.0	1.9541725483970056	0.03554923569143263
76-77	0.0	0.0	0.0	0.0	1.985752694666579	0.03865547958680053
78-79	0.0	0.0	0.0	0.0	2.020611653936819	0.04262456900865952
80-81	0.0	0.0	0.0	0.0	2.0525369384169894	0.04486796737753633
82-83	0.0	0.0	0.0	0.0	2.085152499318352	0.04831934948350067
84-85	0.0	0.0	0.0	0.0	2.119493751272697	0.051770731589465005
86-87	0.0	0.0	0.0	0.0	2.155215556069428	0.055049544590131116
88-89	0.0	0.0	0.0	0.0	2.19180020639265	0.056084959221920416
90-91	0.0	0.0	0.0	0.0	2.227694580294679	0.059536341327884754
92-93	0.0	0.0	0.0	0.0	2.255305637142394	0.0631602925391473
94-95	0.0	0.0	0.0	0.0	2.2855052305695818	0.06609396732921699
96-97	0.0	0.0	0.0	0.0	2.323297864629891	0.06747452017160271
98-99	0.0	0.0	0.0	0.0	2.356948840163043	0.0693727803298831
100-101	0.0	0.0	0.0	0.0	2.3887015555379154	0.07299673154114565
102-103	0.0	0.0	0.0	0.0	2.42114454733398	0.07489499169942604
104-105	0.0	0.0	0.0	0.0	2.4528972627088517	0.07593040633121534
106-107	0.0	0.0	0.0	0.0	2.49276072603274	0.0786915120159868
108-109	0.0	0.0	0.0	0.0	2.5238231649864185	0.0797269266477761
110-111	3.4513821059643335E-4	0.0	0.0	0.0	2.556266156782484	0.08197032501665291
112-113	6.902764211928667E-4	0.0	0.0	0.0	2.5999261404229324	0.08455886159612616
114-115	0.0013805528423857334	0.0	0.0	0.0	2.640479880168013	0.08611198354381011
116-117	0.0020708292635786	0.0	0.0	0.0	2.6798256361760067	0.08818281280738872
118-119	0.007075333317226883	0.0	0.0	0.0	2.7179634084469124	0.09059878028156375
120-121	0.016739203213927016	0.0	0.0	0.0	2.7543754896648363	0.09249704043984414
122-123	0.027438487742416452	0.0	0.0	0.0	2.792513261935742	0.09439530059812451
124-125	0.04020860153448448	0.0	0.0	0.0	2.828407635837771	0.09594842254580846
126-127	0.052115869800061436	0.0	0.0	0.0	2.871377343057027	0.09836439001998351
128-129	0.06281515432855087	0.0	0.0	0.0	2.9215949526988085	0.10095292659945675
130-131	0.07679325185770641	0.0	0.0	0.0	2.963701814391573	0.10233347944184248
132-133	0.09025364207096731	0.0	0.0	0.0	3.0159902532969327	0.10474944691601752
134-135	0.10647513796899968	0.0	0.0	0.0	3.06172106620096	0.10751055260078898
136-137	0.12373204849882136	0.0	0.0	0.0	3.0991685620506733	0.10940881275906937
>>END_MODULE
